race_id	place	raceno	waku	waku_house	name	mark	rank	expected	ave_3f	ave3f_rank	senko4	senko4_rank	slope_rentai	slope_rentai_rank	slope_hukusho	slope_hukusho_rank	rotation_rentai	rotation_rentai_rank	rotation_hukusho	rotation_hukusho_rank	place_course_rentai	place_course_rentai_rank	place_course_hukusho	place_course_hukusho_rank	rentai_flag	ave3f_senko4_rentai_flag	ave3f_and_senko4_flag	ave3f_and_rentai_flag	senko4_and_rentai_flag	全着rentai	全着hukusho	全芝rentai	全芝hukusho	全ダrentai	全ダhukusho	kyuhan_rentai	kyuhan_hukusho	heitan_rentai	heitan_hukusho	left_rentai	left_hukusho	right_rentai	right_hukusho	top_3f	race_cnt	cnt_c3_le5	senko3	cnt_c4_le5	cnt_c34_le5	senko34
202105030201	東京	1	1	1	クリノヴァニラ		1	-1	37.3	3.0	-1.0	99.0	-1.0	99.0	-1.0	99.0	-1.0	99.0	0.5	5.5	-1.0	99.0	-1.0	99.0	0	0	0	0	0	0.0	0.25	0.0	0.0	0.0	0.3333333333333333	-1.0	-1.0	0.0	1.0	-1.0	0.5	-1.0	-1.0	36.9	4	0	0.0	0	0	0.0
202105030201	東京	1	1	2	ネオトリニティー		-1	-1	37.5	4.0	0.375	4.0	-1.0	99.0	-1.0	99.0	-1.0	99.0	-1.0	99.0	-1.0	99.0	-1.0	99.0	0	0	0	0	0	0.0	0.0	0.0	0.0	0.0	0.0	-1.0	-1.0	0.0	0.0	-1.0	-1.0	0.0	0.0	36.2	8	3	0.375	3	3	0.375
202105030201	東京	1	2	3	ホワイトアイ		-1	-1	41.0	14.0	-1.0	99.0	-1.0	99.0	-1.0	99.0	-1.0	99.0	-1.0	99.0	-1.0	99.0	-1.0	99.0	0	0	0	0	0	0.0	0.0	0.0	0.0	0.0	0.0	-1.0	-1.0	-1.0	-1.0	-1.0	-1.0	-1.0	-1.0	41.0	2	0	0.0	0	0	0.0
202105030201	東京	1	2	4	イエローレンギョウ		-1	-1	39.1	12.0	-1.0	99.0	-1.0	99.0	-1.0	99.0	-1.0	99.0	-1.0	99.0	-1.0	99.0	-1.0	99.0	0	0	0	0	0	0.0	0.0	0.0	0.0	0.0	0.0	-1.0	-1.0	-1.0	-1.0	-1.0	-1.0	-1.0	-1.0	39.1	2	0	0.0	0	0	0.0
202105030201	東京	1	3	5	ブッシュドノエル		1	1	36.5	1.0	-1.0	99.0	-1.0	99.0	-1.0	99.0	1.0	1.5	1.0	1.5	-1.0	99.0	-1.0	99.0	1	0	0	1	0	0.5	0.5	0.0	0.0	1.0	1.0	-1.0	-1.0	1.0	1.0	1.0	1.0	-1.0	-1.0	36.5	2	0	0.0	0	0	0.0
202105030201	東京	1	3	6	エガオガキュート		-1	-1	38.56666666666667	9.0	0.2	7.0	-1.0	99.0	0.3333333333333333	4.0	-1.0	99.0	0.5	5.5	-1.0	99.0	1.0	1.5	1	0	0	0	0	0.0	0.2	0.0	0.0	0.0	0.3333333333333333	-1.0	0.3333333333333333	-1.0	-1.0	-1.0	0.5	0.0	0.0	37.5	5	1	0.2	1	1	0.2
202105030201	東京	1	4	7	アルマロベイラ		-1	-1	99.99	99.0	-1.0	99.0	-1.0	99.0	-1.0	99.0	-1.0	99.0	-1.0	99.0	-1.0	99.0	-1.0	99.0	0	0	0	0	0	0.0	0.0	0.0	0.0	-1.0	-1.0	-1.0	-1.0	-1.0	-1.0	-1.0	-1.0	-1.0	-1.0	99.99	2	0	0.0	0	0	0.0
202105030201	東京	1	4	8	アラメア		-1	-1	39.16666666666666	13.0	0.3333333333333333	5.0	-1.0	99.0	-1.0	99.0	-1.0	99.0	-1.0	99.0	-1.0	99.0	-1.0	99.0	0	0	0	0	0	0.0	0.0	-1.0	-1.0	0.0	0.0	-1.0	-1.0	-1.0	-1.0	-1.0	-1.0	0.0	0.0	38.4	3	1	0.3333333333333333	1	1	0.3333333333333333
202105030201	東京	1	5	9	ララパピヨンドメル		1	1	37.15	2.0	0.4	3.0	1.0	1.0	1.0	1.5	1.0	1.5	1.0	1.5	1.0	1.0	1.0	1.5	1	1	1	1	1	0.4	0.6	0.0	0.3333333333333333	1.0	1.0	1.0	1.0	-1.0	-1.0	1.0	1.0	-1.0	-1.0	36.8	5	2	0.4	2	2	0.4
202105030201	東京	1	5	10	アポロスマイル		1	1	38.12222222222223	7.0	0.7777777777777778	2.0	0.14285714285714285	3.0	0.2857142857142857	5.0	0.14285714285714285	4.0	0.5714285714285714	4.0	0.2	3.0	0.4	4.0	1	0	0	0	1	0.1111111111111111	0.4444444444444444	-1.0	-1.0	0.1111111111111111	0.4444444444444444	0.14285714285714285	0.2857142857142857	0.0	1.0	0.14285714285714285	0.5714285714285714	0.0	0.0	37.4	9	6	0.6666666666666666	7	7	0.7777777777777778
202105030201	東京	1	6	11	ヤマトライトシップ		-1	-1	99.99	99.0	-1.0	99.0	-1.0	99.0	-1.0	99.0	-1.0	99.0	-1.0	99.0	-1.0	99.0	-1.0	99.0	0	0	0	0	0	0.0	0.0	-1.0	-1.0	0.0	0.0	-1.0	-1.0	-1.0	-1.0	-1.0	-1.0	-1.0	-1.0	99.99	1	0	0.0	0	0	0.0
202105030201	東京	1	6	12	フクネン		-1	-1	39.0	11.0	-1.0	99.0	-1.0	99.0	-1.0	99.0	-1.0	99.0	-1.0	99.0	-1.0	99.0	-1.0	99.0	0	0	0	0	0	0.0	0.0	0.0	0.0	0.0	0.0	-1.0	-1.0	-1.0	-1.0	-1.0	-1.0	-1.0	-1.0	39.0	2	0	0.0	0	0	0.0
202105030201	東京	1	7	13	ボレロ		1	1	37.95	6.0	1.0	1.0	0.3333333333333333	2.0	0.6666666666666666	3.0	0.4	3.0	0.8	3.0	0.4	2.0	0.8	3.0	1	0	0	0	1	0.3333333333333333	0.6666666666666666	-1.0	-1.0	0.3333333333333333	0.6666666666666666	0.3333333333333333	0.6666666666666666	-1.0	-1.0	0.4	0.8	0.0	0.0	37.2	6	6	1.0	6	6	1.0
202105030201	東京	1	7	14	エブリーエックス		-1	-1	37.73333333333333	5.0	-1.0	99.0	-1.0	99.0	-1.0	99.0	-1.0	99.0	-1.0	99.0	-1.0	99.0	-1.0	99.0	0	0	0	0	0	0.0	0.0	-1.0	-1.0	0.0	0.0	-1.0	-1.0	0.0	0.0	-1.0	-1.0	-1.0	-1.0	37.2	3	0	0.0	0	0	0.0
202105030201	東京	1	8	15	サンランシング		-1	-1	38.571428571428584	10.0	0.2857142857142857	6.0	-1.0	99.0	-1.0	99.0	-1.0	99.0	-1.0	99.0	-1.0	99.0	-1.0	99.0	0	0	0	0	0	0.0	0.0	-1.0	-1.0	0.0	0.0	-1.0	-1.0	0.0	0.0	-1.0	-1.0	-1.0	-1.0	37.6	7	2	0.2857142857142857	2	2	0.2857142857142857
202105030201	東京	1	8	16	ドナアネラ		-1	-1	38.2	8.0	-1.0	99.0	-1.0	99.0	1.0	1.5	-1.0	99.0	-1.0	99.0	-1.0	99.0	-1.0	99.0	1	0	0	0	0	0.0	1.0	-1.0	-1.0	0.0	1.0	-1.0	1.0	-1.0	-1.0	-1.0	-1.0	0.0	1.0	38.2	1	0	0.0	0	0	0.0
202105030202	東京	2	1	1	ショベルヘッド		1	-1	38.04	5.0	0.375	5.0	0.25	3.0	0.25	4.0	0.25	3.0	0.25	4.0	0.25	3.0	0.25	4.0	1	0	0	0	0	0.25	0.25	0.3333333333333333	0.3333333333333333	0.2	0.2	0.25	0.25	0.0	0.0	0.25	0.25	0.0	0.0	36.3	8	1	0.125	3	3	0.375
202105030202	東京	2	1	2	セイウンオードリー		1	1	37.78333333333333	3.0	0.3	7.0	0.16666666666666666	4.0	0.3333333333333333	3.0	0.2	4.0	0.4	3.0	0.2	4.0	0.4	3.0	1	0	0	1	0	0.2	0.3	0.25	0.25	0.16666666666666666	0.3333333333333333	0.16666666666666666	0.3333333333333333	-1.0	-1.0	0.2	0.4	0.0	0.0	36.7	10	3	0.3	3	3	0.3
202105030202	東京	2	2	3	メリオダス		1	-1	38.03333333333333	4.0	0.5	4.0	0.3333333333333333	2.0	0.6666666666666666	1.0	0.3333333333333333	2.0	0.6666666666666666	1.0	0.3333333333333333	2.0	0.6666666666666666	1.0	1	0	0	0	0	0.25	0.5	0.0	0.0	0.3333333333333333	0.6666666666666666	0.3333333333333333	0.6666666666666666	-1.0	-1.0	0.3333333333333333	0.6666666666666666	-1.0	-1.0	37.4	4	1	0.25	2	2	0.5
202105030202	東京	2	2	4	ピースワンヴィヨレ		-1	-1	99.99	99.0	-1.0	99.0	-1.0	99.0	-1.0	99.0	-1.0	99.0	-1.0	99.0		15.0		15.0	0	0	0	0	0							-1.0	-1.0	-1.0	-1.0	-1.0	-1.0	-1.0	-1.0	99.99	-1	-1	-1.0	-1	-1	-1.0
202105030202	東京	2	3	5	ディープアゲイン		-1	-1	42.9	13.0	0.2	8.0	-1.0	99.0	-1.0	99.0	-1.0	99.0	-1.0	99.0	-1.0	99.0	-1.0	99.0	0	0	0	0	0	0.0	0.0	0.0	0.0	0.0	0.0	-1.0	-1.0	-1.0	-1.0	-1.0	-1.0	0.0	0.0	40.9	5	1	0.2	1	1	0.2
202105030202	東京	2	3	6	セバスチャン		-1	-1	39.5	7.5	0.6666666666666666	2.5	-1.0	99.0	-1.0	99.0	-1.0	99.0	-1.0	99.0	-1.0	99.0	-1.0	99.0	0	0	0	0	0	0.0	0.0	-1.0	-1.0	0.0	0.0	-1.0	-1.0	-1.0	-1.0	-1.0	-1.0	0.0	0.0	38.0	3	2	0.6666666666666666	2	2	0.6666666666666666
202105030202	東京	2	4	7	クレストモナーク		-1	-1	99.99	99.0	-1.0	99.0	-1.0	99.0	-1.0	99.0	-1.0	99.0	-1.0	99.0	-1.0	99.0	-1.0	99.0	0	0	0	0	0	0.0	0.0	0.0	0.0	-1.0	-1.0	-1.0	-1.0	-1.0	-1.0	-1.0	-1.0	-1.0	-1.0	99.99	1	0	0.0	0	0	0.0
202105030202	東京	2	4	8	シャークウォーニン		-1	-1	39.5	7.5	-1.0	99.0	-1.0	99.0	-1.0	99.0	-1.0	99.0	-1.0	99.0	-1.0	99.0	-1.0	99.0	0	0	0	0	0	0.0	0.0	0.0	0.0	0.0	0.0	-1.0	-1.0	-1.0	-1.0	-1.0	-1.0	0.0	0.0	38.3	7	1	0.14285714285714285	0	1	0.14285714285714285
202105030202	東京	2	5	9	ゲットアップ		-1	-1	40.25	9.0	0.6666666666666666	2.5	-1.0	99.0	-1.0	99.0	-1.0	99.0	-1.0	99.0	-1.0	99.0	-1.0	99.0	0	0	0	0	0	0.0	0.0	0.0	0.0	0.0	0.0	-1.0	-1.0	0.0	0.0	-1.0	-1.0	0.0	0.0	39.1	6	3	0.5	4	4	0.6666666666666666
202105030202	東京	2	5	10	エコロファルコン		1	1	37.05	1.0	1.0	1.0	0.5	1.0	0.5	2.0	0.5	1.0	0.5	2.0	0.5	1.0	0.5	2.0	1	1	1	1	1	0.5	0.5	-1.0	-1.0	0.5	0.5	0.5	0.5	-1.0	-1.0	0.5	0.5	-1.0	-1.0	36.6	2	2	1.0	2	2	1.0
202105030202	東京	2	6	11	フミエイター		-1	-1	40.90000000000001	11.0	-1.0	99.0	-1.0	99.0	-1.0	99.0	-1.0	99.0	-1.0	99.0	-1.0	99.0	-1.0	99.0	0	0	0	0	0	0.0	0.0	0.0	0.0	0.0	0.0	-1.0	-1.0	-1.0	-1.0	-1.0	-1.0	0.0	0.0	38.2	3	0	0.0	0	0	0.0
202105030202	東京	2	6	12	ゴーフォーゴールド		-1	-1	41.1	12.0	-1.0	99.0	-1.0	99.0	-1.0	99.0	-1.0	99.0	-1.0	99.0	-1.0	99.0	-1.0	99.0	0	0	0	0	0	0.0	0.0	0.0	0.0	0.0	0.0	-1.0	-1.0	-1.0	-1.0	-1.0	-1.0	0.0	0.0	41.1	3	0	0.0	0	0	0.0
202105030202	東京	2	7	13	ジェイエルスマイル		-1	-1	99.99	99.0	-1.0	99.0	-1.0	99.0	-1.0	99.0	-1.0	99.0	-1.0	99.0		16.0		16.0	0	0	0	0	0							-1.0	-1.0	-1.0	-1.0	-1.0	-1.0	-1.0	-1.0	99.99	-1	-1	-1.0	-1	-1	-1.0
202105030202	東京	2	7	14	デンジャーマン		-1	-1	37.15	2.0	-1.0	99.0	-1.0	99.0	-1.0	99.0	-1.0	99.0	-1.0	99.0	-1.0	99.0	-1.0	99.0	0	0	0	0	0	0.0	0.0	-1.0	-1.0	0.0	0.0	-1.0	-1.0	-1.0	-1.0	-1.0	-1.0	0.0	0.0	36.9	2	0	0.0	0	0	0.0
202105030202	東京	2	8	15	ラロコルポ		-1	-1	40.52499999999999	10.0	-1.0	99.0	-1.0	99.0	-1.0	99.0	-1.0	99.0	-1.0	99.0	-1.0	99.0	-1.0	99.0	0	0	0	0	0	0.0	0.0	-1.0	-1.0	0.0	0.0	-1.0	-1.0	-1.0	-1.0	-1.0	-1.0	0.0	0.0	38.8	4	0	0.0	0	0	0.0
202105030202	東京	2	8	16	クロマツミッチー		-1	-1	39.4	6.0	0.3333333333333333	6.0	-1.0	99.0	-1.0	99.0	-1.0	99.0	-1.0	99.0	-1.0	99.0	-1.0	99.0	0	0	0	0	0	0.0	0.0	0.0	0.0	0.0	0.0	-1.0	-1.0	0.0	0.0	-1.0	-1.0	0.0	0.0	39.3	3	1	0.3333333333333333	1	1	0.3333333333333333
202105030203	東京	3	1	1	マイブリュージュ		1	1	38.38333333333333	6.0	0.6666666666666666	3.0	-1.0	99.0	-1.0	99.0	0.3333333333333333	1.0	0.6666666666666666	1.0	-1.0	99.0	-1.0	99.0	1	0	0	0	1	0.16666666666666666	0.3333333333333333	-1.0	-1.0	0.16666666666666666	0.3333333333333333	-1.0	-1.0	0.5	1.0	0.3333333333333333	0.6666666666666666	0.0	0.0	37.8	6	4	0.6666666666666666	4	5	0.8333333333333334
202105030203	東京	3	1	2	サクラスヴニール		-1	-1	37.95	3.0	0.5	5.0	-1.0	99.0	-1.0	99.0	-1.0	99.0	-1.0	99.0	-1.0	99.0	-1.0	99.0	0	0	0	0	0	0.0	0.0	-1.0	-1.0	0.0	0.0	-1.0	-1.0	-1.0	-1.0	-1.0	-1.0	0.0	0.0	36.8	2	1	0.5	1	1	0.5
202105030203	東京	3	2	3	メレカリキマカ		-1	-1	40.15	15.0	0.25	11.5	-1.0	99.0	-1.0	99.0	-1.0	99.0	-1.0	99.0	-1.0	99.0	-1.0	99.0	0	0	0	0	0	0.0	0.0	-1.0	-1.0	0.0	0.0	-1.0	-1.0	0.0	0.0	-1.0	-1.0	0.0	0.0	39.6	4	1	0.25	1	1	0.25
202105030203	東京	3	2	4	ソーラーストーム		-1	-1	39.23333333333333	12.0	0.25	11.5	-1.0	99.0	-1.0	99.0	-1.0	99.0	-1.0	99.0	-1.0	99.0	-1.0	99.0	0	0	0	0	0	0.0	0.0	0.0	0.0	0.0	0.0	-1.0	-1.0	-1.0	-1.0	-1.0	-1.0	0.0	0.0	36.9	4	1	0.25	1	1	0.25
202105030203	東京	3	3	5	ラスティネイル		1	-1	38.25	5.0	0.5	5.0	-1.0	99.0	-1.0	99.0	-1.0	99.0	0.25	4.0	-1.0	99.0	-1.0	99.0	0	0	0	0	0	0.0	0.1	0.0	0.0	0.0	0.125	-1.0	-1.0	0.0	0.16666666666666666	-1.0	0.25	0.0	0.0	37.0	10	4	0.4	5	6	0.6
202105030203	東京	3	3	6	アイアムヤルワヨ		-1	-1	40.7	16.0	0.5	5.0	-1.0	99.0	-1.0	99.0	-1.0	99.0	-1.0	99.0	-1.0	99.0	-1.0	99.0	0	0	0	0	0	0.0	0.0	-1.0	-1.0	0.0	0.0	-1.0	-1.0	-1.0	-1.0	-1.0	-1.0	0.0	0.0	38.6	2	1	0.5	1	1	0.5
202105030203	東京	3	4	7	エクスカテドラ		-1	-1	38.7	9.0	-1.0	99.0	-1.0	99.0	-1.0	99.0	-1.0	99.0	-1.0	99.0	-1.0	99.0	-1.0	99.0	0	0	0	0	0	0.0	0.0	-1.0	-1.0	0.0	0.0	-1.0	-1.0	-1.0	-1.0	-1.0	-1.0	0.0	0.0	38.7	1	0	0.0	0	0	0.0
202105030203	東京	3	4	8	ヴィグラスレディー		-1	-1	38.23333333333333	4.0	0.3333333333333333	8.5	-1.0	99.0	-1.0	99.0	-1.0	99.0	-1.0	99.0	-1.0	99.0	-1.0	99.0	0	0	0	0	0	0.0	0.0	-1.0	-1.0	0.0	0.0	-1.0	-1.0	-1.0	-1.0	-1.0	-1.0	0.0	0.0	37.8	3	1	0.3333333333333333	1	1	0.3333333333333333
202105030203	東京	3	5	9	テイエムマルタン		-1	-1	38.81666666666667	10.0	0.16666666666666666	13.0	-1.0	99.0	-1.0	99.0	-1.0	99.0	-1.0	99.0	-1.0	99.0	-1.0	99.0	0	0	0	0	0	0.0	0.0	-1.0	-1.0	0.0	0.0	-1.0	-1.0	-1.0	-1.0	-1.0	-1.0	0.0	0.0	37.8	6	1	0.16666666666666666	1	1	0.16666666666666666
202105030203	東京	3	5	10	グランディス		-1	-1	38.55	7.5	0.3333333333333333	8.5	0.5	1.0	0.5	1.5	-1.0	99.0	-1.0	99.0	-1.0	99.0	-1.0	99.0	1	0	0	0	0	0.3333333333333333	0.5	0.0	0.5	0.5	0.5	0.5	0.5	-1.0	-1.0	-1.0	-1.0	0.5	0.5	37.8	6	3	0.5	2	3	0.5
202105030203	東京	3	6	11	ホッコーマイサン		-1	-1	37.6	1.0	-1.0	99.0	-1.0	99.0	-1.0	99.0	-1.0	99.0	-1.0	99.0	-1.0	99.0	-1.0	99.0	0	0	0	0	0	0.0	0.0	-1.0	-1.0	0.0	0.0	-1.0	-1.0	-1.0	-1.0	-1.0	-1.0	-1.0	-1.0	37.6	1	0	0.0	0	0	0.0
202105030203	東京	3	6	12	トゥルカナ		-1	-1	39.45	13.5	-1.0	99.0	-1.0	99.0	-1.0	99.0	-1.0	99.0	-1.0	99.0	-1.0	99.0	-1.0	99.0	0	0	0	0	0	0.0	0.0	0.0	0.0	0.0	0.0	-1.0	-1.0	-1.0	-1.0	-1.0	-1.0	0.0	0.0	38.3	3	0	0.0	0	0	0.0
202105030203	東京	3	7	13	サイレントギフト		1	1	37.9	2.0	0.3333333333333333	8.5	-1.0	99.0	0.5	1.5	-1.0	99.0	0.5	2.5	-1.0	99.0	1.0	1.0	1	0	0	1	0	0.0	0.3333333333333333	-1.0	-1.0	0.0	0.3333333333333333	-1.0	0.5	0.0	0.0	-1.0	0.5	0.0	0.0	37.1	3	1	0.3333333333333333	1	1	0.3333333333333333
202105030203	東京	3	7	14	ブレード		-1	-1	38.925	11.0	0.75	1.5	-1.0	99.0	-1.0	99.0	-1.0	99.0	-1.0	99.0	-1.0	99.0	-1.0	99.0	0	0	0	0	0	0.0	0.0	-1.0	-1.0	0.0	0.0	-1.0	-1.0	0.0	0.0	-1.0	-1.0	0.0	0.0	36.4	4	3	0.75	3	3	0.75
202105030203	東京	3	8	15	アイディアリスト		-1	-1	38.55	7.5	0.3333333333333333	8.5	-1.0	99.0	-1.0	99.0	-1.0	99.0	-1.0	99.0	-1.0	99.0	-1.0	99.0	0	0	0	0	0	0.0	0.0	0.0	0.0	0.0	0.0	-1.0	-1.0	-1.0	-1.0	-1.0	-1.0	0.0	0.0	37.7	6	2	0.3333333333333333	2	2	0.3333333333333333
202105030203	東京	3	8	16	ウインラザンツ		1	1	39.45	13.5	0.75	1.5	-1.0	99.0	0.25	3.0	-1.0	99.0	0.5	2.5	-1.0	99.0	0.5	2.0	1	0	0	0	1	0.0	0.25	-1.0	-1.0	0.0	0.25	-1.0	0.25	-1.0	-1.0	-1.0	0.5	0.0	0.0	37.7	4	3	0.75	3	3	0.75
202105030204	東京	4	1	1	マイネルリリーフ		-1	-1	37.0	14.5	0.16666666666666666	8.0	-1.0	99.0	-1.0	99.0	-1.0	99.0	-1.0	99.0	-1.0	99.0	-1.0	99.0	0	0	0	0	0	0.0	0.0	0.0	0.0	-1.0	-1.0	-1.0	-1.0	0.0	0.0	-1.0	-1.0	0.0	0.0	35.7	6	1	0.16666666666666666	1	1	0.16666666666666666
202105030204	東京	4	1	2	ランドヘルツ		-1	-1	36.6	11.0	-1.0	99.0	-1.0	99.0	-1.0	99.0	-1.0	99.0	-1.0	99.0	-1.0	99.0	-1.0	99.0	0	0	0	0	0	0.0	0.0	0.0	0.0	-1.0	-1.0	-1.0	-1.0	-1.0	-1.0	-1.0	-1.0	0.0	0.0	36.6	1	0	0.0	0	0	0.0
202105030204	東京	4	2	3	カフェファンタスト		-1	-1	35.425	1.0	-1.0	99.0	-1.0	99.0	-1.0	99.0	-1.0	99.0	-1.0	99.0	-1.0	99.0	-1.0	99.0	0	0	0	0	0	0.0	0.0	0.0	0.0	0.0	0.0	-1.0	-1.0	-1.0	-1.0	-1.0	-1.0	-1.0	-1.0	34.2	6	0	0.0	0	0	0.0
202105030204	東京	4	2	4	レイトンヒル		1	1	37.0	14.5	1.0	1.5	0.3333333333333333	1.5	0.3333333333333333	3.0	0.5	1.5	0.5	3.5	-1.0	99.0	-1.0	99.0	1	0	0	0	1	0.3333333333333333	0.3333333333333333	0.3333333333333333	0.3333333333333333	-1.0	-1.0	0.3333333333333333	0.3333333333333333	-1.0	-1.0	0.5	0.5	0.0	0.0	36.2	3	3	1.0	3	3	1.0
202105030204	東京	4	3	5	カーディナル		1	1	36.0	5.0	1.0	1.5	0.3333333333333333	1.5	1.0	1.0	-1.0	99.0	1.0	1.5	-1.0	99.0	1.0	2.0	1	0	0	0	1	0.5	1.0	0.5	1.0	-1.0	-1.0	0.3333333333333333	1.0	1.0	1.0	-1.0	1.0	0.6666666666666666	1.0	34.5	4	4	1.0	4	4	1.0
202105030204	東京	4	3	6	エンドステージ		-1	-1	35.6	2.0	0.3333333333333333	6.0	-1.0	99.0	-1.0	99.0	-1.0	99.0	-1.0	99.0	-1.0	99.0	-1.0	99.0	0	0	0	0	0	0.0	0.0	0.0	0.0	0.0	0.0	-1.0	-1.0	-1.0	-1.0	-1.0	-1.0	0.0	0.0	34.6	6	2	0.3333333333333333	2	2	0.3333333333333333
202105030204	東京	4	4	7	アイワナスマイル		-1	-1	38.1	17.0	-1.0	99.0	-1.0	99.0	-1.0	99.0	-1.0	99.0	-1.0	99.0	-1.0	99.0	-1.0	99.0	0	0	0	0	0	0.0	0.0	0.0	0.0	0.0	0.0	-1.0	-1.0	-1.0	-1.0	-1.0	-1.0	0.0	0.0	36.5	4	0	0.0	0	0	0.0
202105030204	東京	4	4	8	スケボーマン		-1	-1	36.683333333333344	12.0	-1.0	99.0	-1.0	99.0	-1.0	99.0	-1.0	99.0	0.25	5.0	-1.0	99.0	-1.0	99.0	0	0	0	0	0	0.0	0.1111111111111111	0.0	0.16666666666666666	0.0	0.0	-1.0	-1.0	0.0	0.5	-1.0	0.25	0.0	0.0	34.2	9	0	0.0	0	0	0.0
202105030204	東京	4	5	9	メジャーグルーヴ		-1	-1	35.76666666666667	4.0	-1.0	99.0	-1.0	99.0	-1.0	99.0	-1.0	99.0	-1.0	99.0	-1.0	99.0	-1.0	99.0	0	0	0	0	0	0.0	0.0	0.0	0.0	0.0	0.0	-1.0	-1.0	0.0	0.0	-1.0	-1.0	0.0	0.0	34.6	4	0	0.0	0	0	0.0
202105030204	東京	4	5	10	ジジ		1	-1	36.55	10.0	0.5714285714285714	4.0	-1.0	99.0	0.2	4.0	-1.0	99.0	1.0	1.5	-1.0	99.0	1.0	2.0	1	0	0	0	0	0.2857142857142857	0.42857142857142855	0.16666666666666666	0.3333333333333333	1.0	1.0	-1.0	0.2	1.0	1.0	-1.0	1.0	0.2	0.2	34.9	7	4	0.5714285714285714	4	4	0.5714285714285714
202105030204	東京	4	6	11	シングマイハート		1	1	35.72000000000001	3.0	0.6	3.0	0.25	3.0	0.75	2.0	0.5	1.5	0.5	3.5	1.0	1.0	1.0	2.0	1	1	1	1	1	0.2	0.6	0.2	0.6	-1.0	-1.0	0.25	0.75	0.0	0.0	0.5	0.5	0.0	0.6666666666666666	35.4	5	2	0.4	3	3	0.6
202105030204	東京	4	6	12	フジサンニュウサツ		-1	-1	99.99	99.0	-1.0	99.0	-1.0	99.0	-1.0	99.0	-1.0	99.0	-1.0	99.0	-1.0	99.0	-1.0	99.0	0	0	0	0	0	0.0	0.0	-1.0	-1.0	0.0	0.0	-1.0	-1.0	-1.0	-1.0	-1.0	-1.0	-1.0	-1.0	99.99	1	0	0.0	0	0	0.0
202105030204	東京	4	7	13	ファインディーヴァ		-1	-1	37.4	16.0	0.16666666666666666	8.0	-1.0	99.0	-1.0	99.0	-1.0	99.0	-1.0	99.0	-1.0	99.0	-1.0	99.0	0	0	0	0	0	0.0	0.0	0.0	0.0	0.0	0.0	-1.0	-1.0	0.0	0.0	-1.0	-1.0	0.0	0.0	36.7	6	0	0.0	1	1	0.16666666666666666
202105030204	東京	4	7	14	ラグジュアリーデイ		-1	-1	36.40000000000001	9.0	-1.0	99.0	-1.0	99.0	-1.0	99.0	-1.0	99.0	-1.0	99.0	-1.0	99.0	-1.0	99.0	0	0	0	0	0	0.0	0.0	0.0	0.0	-1.0	-1.0	-1.0	-1.0	-1.0	-1.0	-1.0	-1.0	0.0	0.0	35.6	2	0	0.0	0	0	0.0
202105030204	東京	4	7	15	モンサンラディウス		1	-1	36.02222222222222	6.0	0.4	5.0	-1.0	99.0	0.125	5.0	-1.0	99.0	0.16666666666666666	6.0	-1.0	99.0	0.2	4.0	0	0	0	0	0	0.0	0.1	0.0	0.1111111111111111	0.0	0.0	-1.0	0.125	0.0	0.0	-1.0	0.16666666666666666	0.0	0.0	34.5	10	4	0.4	4	4	0.4
202105030204	東京	4	8	16	コスモオニアシゲ		-1	-1	36.70833333333333	13.0	0.14285714285714285	10.0	-1.0	99.0	-1.0	99.0	-1.0	99.0	-1.0	99.0	-1.0	99.0	-1.0	99.0	0	0	0	0	0	0.0	0.07692307692307693	0.0	0.08333333333333333	0.0	0.0	-1.0	-1.0	0.0	0.0	-1.0	-1.0	0.0	0.0	34.9	14	2	0.14285714285714285	2	2	0.14285714285714285
202105030204	東京	4	8	17	トロワエスポワール		-1	-1	36.03333333333333	7.5	0.16666666666666666	8.0	-1.0	99.0	-1.0	99.0	-1.0	99.0	-1.0	99.0	-1.0	99.0	-1.0	99.0	0	0	0	0	0	0.0	0.16666666666666666	0.0	0.3333333333333333	0.0	0.0	-1.0	-1.0	0.0	0.5	-1.0	-1.0	0.0	0.5	34.9	6	0	0.0	1	1	0.16666666666666666
202105030204	東京	4	8	18	フッカツノトリデ		-1	-1	36.03333333333333	7.5	-1.0	99.0	-1.0	99.0	-1.0	99.0	-1.0	99.0	-1.0	99.0	-1.0	99.0	-1.0	99.0	0	0	0	0	0	0.0	0.0	0.0	0.0	0.0	0.0	-1.0	-1.0	-1.0	-1.0	-1.0	-1.0	0.0	0.0	35.4	4	0	0.0	0	0	0.0
202105030207	東京	7	1	1	レインカルナティオ		-1	-1	99.99	99.0	-1.0	99.0	-1.0	99.0	-1.0	99.0	-1.0	99.0	-1.0	99.0	-1.0	99.0	-1.0	99.0	0	0	0	0	0	0.125	0.25	0.125	0.25	-1.0	-1.0	-1.0	-1.0	-1.0	-1.0	-1.0	-1.0	-1.0	-1.0	99.99	8	0	0.0	0	0	0.0
202105030207	東京	7	1	2	マイネルプリンチペ		-1	-1	42.2	15.0	-1.0	99.0	-1.0	99.0	-1.0	99.0	-1.0	99.0	-1.0	99.0	-1.0	99.0	-1.0	99.0	0	0	0	0	0	0.21739130434782608	0.5217391304347826	0.2272727272727273	0.5454545454545454	0.0	0.0	-1.0	-1.0	-1.0	-1.0	-1.0	-1.0	0.0	0.0	42.2	23	1	0.043478260869565216	0	1	0.043478260869565216
202105030207	東京	7	2	3	レイニーデイ		-1	-1	38.85	10.0	0.3333333333333333	8.0	0.5	5.0	0.5	7.0	0.5	1.0	0.5	1.5	-1.0	99.0	-1.0	99.0	1	0	0	0	0	0.16666666666666666	0.3333333333333333	0.0	0.0	0.3333333333333333	0.6666666666666666	0.5	0.5	-1.0	-1.0	0.5	0.5	-1.0	-1.0	37.8	6	2	0.3333333333333333	2	2	0.3333333333333333
202105030207	東京	7	2	4	ヒロノブシドウ		-1	-1	38.95	11.0	0.2352941176470588	12.0	-1.0	99.0	0.07142857142857142	12.0	-1.0	99.0	0.07142857142857142	6.0	-1.0	99.0	-1.0	99.0	0	0	0	0	0	0.18181818181818185	0.21212121212121213	-1.0	-1.0	0.18181818181818185	0.21212121212121213	-1.0	0.07142857142857142	0.0	0.0	-1.0	0.07142857142857142	0.0	0.0	36.6	34	10	0.29411764705882354	8	10	0.29411764705882354
202105030207	東京	7	3	5	タマモブトウカイ		-1	-1	38.04285714285713	4.0	0.2857142857142857	10.0	0.16666666666666666	9.0	0.16666666666666666	9.0	-1.0	99.0	-1.0	99.0	-1.0	99.0	-1.0	99.0	0	0	0	0	0	0.14285714285714285	0.14285714285714285	-1.0	-1.0	0.14285714285714285	0.14285714285714285	0.16666666666666666	0.16666666666666666	0.0	0.0	-1.0	-1.0	0.2	0.2	36.0	7	3	0.42857142857142855	2	4	0.5714285714285714
202105030207	東京	7	3	6	キャルベイ		1	1	38.15	5.0	1.0	1.5	0.5	5.0	1.0	2.0	-1.0	99.0	-1.0	99.0	-1.0	99.0	-1.0	99.0	1	0	0	0	1	0.5	1.0	-1.0	-1.0	0.5	1.0	0.5	1.0	-1.0	-1.0	-1.0	-1.0	0.5	1.0	37.7	4	4	1.0	4	4	1.0
202105030207	東京	7	4	7	スズカブランコ		-1	-1	39.77142857142857	13.0	0.6	5.0	-1.0	99.0	-1.0	99.0	-1.0	99.0	-1.0	99.0	-1.0	99.0	-1.0	99.0	0	0	0	0	0	0.06666666666666668	0.06666666666666668	0.0	0.0	0.07142857142857142	0.07142857142857142	-1.0	-1.0	0.1111111111111111	0.1111111111111111	-1.0	-1.0	0.09090909090909093	0.09090909090909093	37.9	15	10	0.6666666666666666	9	10	0.6666666666666666
202105030207	東京	7	4	8	バンディエラ		-1	-1	38.48	8.0	0.26666666666666666	11.0	0.6	3.0	0.6	5.5	-1.0	99.0	-1.0	99.0	-1.0	99.0	-1.0	99.0	1	0	0	0	0	0.42857142857142855	0.42857142857142855	-1.0	-1.0	0.42857142857142855	0.42857142857142855	0.6	0.6	0.0	0.0	-1.0	-1.0	0.5	0.5	36.6	15	2	0.13333333333333333	4	4	0.26666666666666666
202105030207	東京	7	5	9	プンタアレナス		1	1	37.6	2.0	0.3333333333333333	8.0	1.0	1.5	1.0	2.0	-1.0	99.0	-1.0	99.0	-1.0	99.0	-1.0	99.0	1	0	0	1	0	0.3333333333333333	0.3333333333333333	0.0	0.0	1.0	1.0	1.0	1.0	-1.0	-1.0	-1.0	-1.0	1.0	1.0	37.6	3	1	0.3333333333333333	1	1	0.3333333333333333
202105030207	東京	7	5	10	ノーブルシルエット		1	1	38.25	6.0	1.0	1.5	0.5	5.0	0.75	4.0	-1.0	99.0	0.5	1.5	-1.0	99.0	0.5	1.0	1	0	0	0	1	0.5	0.75	-1.0	-1.0	0.5	0.75	0.5	0.75	-1.0	-1.0	-1.0	0.5	1.0	1.0	36.6	4	4	1.0	4	4	1.0
202105030207	東京	7	6	11	ジンフラッシュ		-1	-1	38.37692307692308	7.0	0.3333333333333333	8.0	-1.0	99.0	0.1111111111111111	11.0	0.2222222222222222	3.0	0.3333333333333333	3.0	-1.0	99.0	-1.0	99.0	1	0	0	0	0	0.13333333333333333	0.26666666666666666	0.0	0.0	0.15384615384615385	0.3076923076923077	-1.0	0.1111111111111111	0.5	0.75	0.2222222222222222	0.3333333333333333	0.0	0.25	37.0	15	4	0.26666666666666666	5	5	0.3333333333333333
202105030207	東京	7	6	12	ダイモーン		1	-1	39.8	14.0	0.8	3.0	0.2	8.0	0.6	5.5	-1.0	99.0	-1.0	99.0	-1.0	99.0	-1.0	99.0	0	0	0	0	0	0.2	0.6	-1.0	-1.0	0.2	0.6	0.2	0.6	-1.0	-1.0	-1.0	-1.0	0.25	0.75	38.3	5	3	0.6	4	4	0.8
202105030207	東京	7	7	13	ゴールドミーティア		1	1	37.9	3.0	-1.0	99.0	1.0	1.5	1.0	2.0	-1.0	99.0	-1.0	99.0	-1.0	99.0	-1.0	99.0	1	0	0	1	0	0.5	0.5	0.0	0.0	1.0	1.0	1.0	1.0	-1.0	-1.0	-1.0	-1.0	1.0	1.0	37.9	2	0	0.0	0	0	0.0
202105030207	東京	7	7	14	リンガスウォリアー		1	-1	39.4	12.0	0.6875	4.0	0.2727272727272727	7.0	0.3636363636363637	8.0	0.25	2.0	0.25	4.0	0.3333333333333333	1.0	0.3333333333333333	2.0	1	0	0	0	0	0.1875	0.25	0.0	0.0	0.2	0.26666666666666666	0.2727272727272727	0.3636363636363637	0.0	0.0	0.25	0.25	0.14285714285714285	0.2857142857142857	37.7	16	11	0.6875	11	11	0.6875
202105030207	東京	7	8	15	タイムモーメント		-1	-1	38.63333333333333	9.0	0.42857142857142855	6.0	-1.0	99.0	-1.0	99.0	-1.0	99.0	-1.0	99.0	-1.0	99.0	-1.0	99.0	0	0	0	0	0	0.3333333333333333	0.5	-1.0	-1.0	0.3333333333333333	0.5	-1.0	-1.0	0.0	0.0	-1.0	-1.0	0.0	0.0	38.1	7	3	0.42857142857142855	3	3	0.42857142857142855
202105030207	東京	7	8	16	アテンフェアリー		1	1	37.48888888888889	1.0	0.1724137931034483	13.0	0.05	10.0	0.15	10.0	0.05882352941176471	4.0	0.1176470588235294	5.0	0.08333333333333333	2.0	0.16666666666666666	3.0	1	0	0	1	0	0.03448275862068965	0.13793103448275862	0.0	0.0	0.03571428571428571	0.14285714285714285	0.05	0.15	0.0	0.0	0.05882352941176471	0.1176470588235294	0.0	0.1	35.3	29	5	0.1724137931034483	5	6	0.20689655172413796
202105030208	東京	8	1	1	アトムアストレア		-1	-1	35.769230769230774	12.0	0.047619047619047616	14.0	-1.0	99.0	-1.0	99.0	-1.0	99.0	-1.0	99.0	-1.0	99.0	-1.0	99.0	0	0	0	0	0	0.047619047619047616	0.047619047619047616	0.0	0.0	0.125	0.125	-1.0	-1.0	0.0	0.0	-1.0	-1.0	0.0	0.0	33.9	21	2	0.09523809523809523	1	2	0.09523809523809523
202105030208	東京	8	1	2	ヤマタケクララ		-1	-1	35.73333333333333	11.0	-1.0	99.0	-1.0	99.0	-1.0	99.0	-1.0	99.0	-1.0	99.0	-1.0	99.0	-1.0	99.0	0	0	0	0	0	0.1111111111111111	0.2222222222222222	0.0	0.0	0.16666666666666666	0.3333333333333333	-1.0	-1.0	-1.0	-1.0	-1.0	-1.0	0.0	0.0	35.5	9	1	0.1111111111111111	0	1	0.1111111111111111
202105030208	東京	8	2	3	モメチョッタ		-1	-1	35.392307692307696	6.0	0.11428571428571427	12.0	-1.0	99.0	-1.0	99.0	-1.0	99.0	-1.0	99.0	-1.0	99.0	-1.0	99.0	0	0	0	0	0	0.3939393939393939	0.5454545454545454	0.15384615384615385	0.4615384615384616	0.55	0.6	-1.0	-1.0	0.0	0.0	-1.0	-1.0	0.0	0.0	33.6	35	4	0.11428571428571427	4	4	0.11428571428571427
202105030208	東京	8	2	4	シゲルハクチョウザ		-1	-1	99.99	99.0	-1.0	99.0	-1.0	99.0	-1.0	99.0	-1.0	99.0	-1.0	99.0	-1.0	99.0	-1.0	99.0	0	0	0	0	0	0.3	0.35	-1.0	-1.0	0.3	0.35	-1.0	-1.0	-1.0	-1.0	-1.0	-1.0	-1.0	-1.0	99.99	20	0	0.0	0	0	0.0
202105030208	東京	8	3	5	アオイカツマ		1	1	36.114285714285714	16.0	0.8571428571428571	2.0	0.3333333333333333	5.0	0.5	5.5	0.5	4.5	0.5	6.5	0.6666666666666666	3.5	0.6666666666666666	4.0	1	0	0	0	1	0.2857142857142857	0.42857142857142855	0.2857142857142857	0.42857142857142855	-1.0	-1.0	0.3333333333333333	0.5	0.0	0.0	0.5	0.5	0.0	0.3333333333333333	34.2	7	6	0.8571428571428571	6	6	0.8571428571428571
202105030208	東京	8	3	6	レディードリー		-1	-1	34.58846153846154	1.0	0.15384615384615385	9.5	0.08695652173913042	8.0	0.13043478260869565	11.0	0.1	10.0	0.1	11.0	0.1176470588235294	8.0	0.1176470588235294	9.0	0	0	0	0	0	0.07692307692307693	0.1153846153846154	0.07692307692307693	0.1153846153846154	-1.0	-1.0	0.08695652173913042	0.13043478260869565	0.0	0.0	0.1	0.1	0.0	0.16666666666666666	32.9	26	3	0.1153846153846154	4	5	0.19230769230769232
202105030208	東京	8	4	7	ココリホウオウ		1	-1	35.8	13.0	0.4	4.5	0.2	7.0	0.6	4.0	0.3333333333333333	8.0	0.6666666666666666	2.5	0.3333333333333333	6.5	0.6666666666666666	4.0	1	0	0	0	0	0.2	0.6	0.2	0.6	-1.0	-1.0	0.2	0.6	-1.0	-1.0	0.3333333333333333	0.6666666666666666	0.0	0.5	34.7	5	1	0.2	2	2	0.4
202105030208	東京	8	4	8	アランチオーネ		-1	-1	35.45	7.0	-1.0	99.0	-1.0	99.0	-1.0	99.0	-1.0	99.0	-1.0	99.0	-1.0	99.0	-1.0	99.0	0	0	0	0	0	0.5	0.5833333333333334	0.0	0.0	0.6	0.7	-1.0	-1.0	-1.0	-1.0	-1.0	-1.0	-1.0	-1.0	35.2	12	0	0.0	0	0	0.0
202105030208	東京	8	5	9	スパークジョイ		-1	-1	35.65	10.0	0.15384615384615385	9.5	-1.0	99.0	-1.0	99.0	-1.0	99.0	-1.0	99.0	-1.0	99.0	-1.0	99.0	0	0	0	0	0	0.15384615384615385	0.15384615384615385	0.0	0.0	0.18181818181818185	0.18181818181818185	-1.0	-1.0	-1.0	-1.0	-1.0	-1.0	0.0	0.0	34.9	13	2	0.15384615384615385	2	2	0.15384615384615385
202105030208	東京	8	5	10	ヴァンデリオン		-1	-1	35.9	14.0	-1.0	99.0	-1.0	99.0	-1.0	99.0	-1.0	99.0	-1.0	99.0	-1.0	99.0	-1.0	99.0	0	0	0	0	0	0.16666666666666666	0.3888888888888889	0.0	0.0	0.17647058823529413	0.4117647058823529	-1.0	-1.0	-1.0	-1.0	-1.0	-1.0	-1.0	-1.0	35.9	18	1	0.05555555555555555	0	1	0.05555555555555555
202105030208	東京	8	6	11	ブライティアランド		-1	-1	35.55000000000001	9.0	0.2777777777777778	6.0	-1.0	99.0	0.25	9.5	0.5	4.5	0.5	6.5	-1.0	99.0	-1.0	99.0	0	0	0	0	0	0.05555555555555555	0.16666666666666666	0.16666666666666666	0.3333333333333333	0.0	0.08333333333333333	-1.0	0.25	0.5	0.5	0.5	0.5	0.0	0.25	33.6	18	4	0.2222222222222222	5	5	0.2777777777777778
202105030208	東京	8	6	12	タイガーリリー		1	-1	36.06	15.0	0.4	4.5	-1.0	99.0	0.6666666666666666	2.5	0.5	4.5	0.5	6.5	-1.0	99.0	-1.0	99.0	1	0	0	0	0	0.2	0.6	0.2	0.6	-1.0	-1.0	-1.0	0.6666666666666666	0.5	0.5	0.5	0.5	0.0	0.6666666666666666	34.8	5	3	0.6	2	3	0.6
202105030208	東京	8	7	13	レリスタット		1	1	34.98181818181817	3.0	0.16666666666666666	8.0	0.4	3.0	0.4	7.0	0.4	7.0	0.4	9.0	0.6666666666666666	3.5	0.6666666666666666	4.0	1	0	0	1	0	0.16666666666666666	0.25	0.18181818181818185	0.2727272727272727	0.0	0.0	0.4	0.4	0.0	0.16666666666666666	0.4	0.4	0.0	0.16666666666666666	33.9	12	2	0.16666666666666666	2	2	0.16666666666666666
202105030208	東京	8	7	14	マーベラスアゲン		-1	-1	35.216666666666654	4.0	0.1111111111111111	13.0	-1.0	99.0	0.25	9.5	-1.0	99.0	0.2	10.0	-1.0	99.0	0.3333333333333333	7.5	0	0	0	0	0	0.1111111111111111	0.3888888888888889	0.0	0.16666666666666666	0.16666666666666666	0.5	-1.0	0.25	0.0	0.0	-1.0	0.2	0.0	0.0	34.0	18	0	0.0	2	2	0.1111111111111111
202105030208	東京	8	7	15	ノックオンウッド		1	1	36.15	17.0	1.0	1.0	1.0	1.0	1.0	1.0	1.0	1.0	1.0	1.0	1.0	1.5	1.0	1.5	1	0	0	0	1	0.5	0.5	0.5	0.5	-1.0	-1.0	1.0	1.0	0.0	0.0	1.0	1.0	0.0	0.0	36.0	2	2	1.0	2	2	1.0
202105030208	東京	8	8	16	エレボアブランシュ		-1	-1	35.5	8.0	0.25	7.0	0.6666666666666666	2.0	0.6666666666666666	2.5	0.6666666666666666	2.0	0.6666666666666666	2.5	1.0	1.5	1.0	1.5	1	0	0	0	0	0.5	0.5	0.5	0.5	-1.0	-1.0	0.6666666666666666	0.6666666666666666	0.0	0.0	0.6666666666666666	0.6666666666666666	0.0	0.0	34.1	4	1	0.25	1	1	0.25
202105030208	東京	8	8	17	バルトリ		1	-1	34.86666666666666	2.0	0.14285714285714285	11.0	0.3333333333333333	5.0	0.3333333333333333	8.0	0.5	4.5	0.5	6.5	0.3333333333333333	6.5	0.3333333333333333	7.5	0	0	0	0	0	0.2857142857142857	0.2857142857142857	0.3333333333333333	0.3333333333333333	0.0	0.0	0.3333333333333333	0.3333333333333333	-1.0	-1.0	0.5	0.5	0.0	0.0	33.3	7	0	0.0	1	1	0.14285714285714285
202105030208	東京	8	8	18	グランチェイサー		1	-1	35.22499999999999	5.0	0.4705882352941176	3.0	0.3333333333333333	5.0	0.5	5.5	0.2222222222222222	9.0	0.5555555555555556	4.0	0.4	5.0	0.6	6.0	0	0	0	0	0	0.17647058823529413	0.35294117647058826	0.1875	0.375	0.0	0.0	0.3333333333333333	0.5	0.1	0.3	0.2222222222222222	0.5555555555555556	0.14285714285714285	0.14285714285714285	33.5	17	8	0.4705882352941176	8	8	0.4705882352941176
202105030209	東京	9	1	1	エフティイーリス		1	1	34.915000000000006	3.0	0.3	7.0	0.21428571428571427	5.0	0.2857142857142857	7.0	0.3	5.0	0.3	7.0	0.4	3.5	0.4	6.0	1	0	0	1	0	0.15	0.25	0.15	0.25	-1.0	-1.0	0.21428571428571427	0.2857142857142857	0.0	0.16666666666666666	0.3	0.3	0.0	0.2	33.4	20	6	0.3	6	6	0.3
202105030209	東京	9	2	2	アルビージャ		1	-1	35.1	4.5	0.5	5.0	1.0	1.0	1.0	1.0	1.0	1.0	1.0	1.0	1.0	1.0	1.0	1.0	1	0	0	0	0	1.0	1.0	1.0	1.0	-1.0	-1.0	1.0	1.0	-1.0	-1.0	1.0	1.0	1.0	1.0	33.5	4	2	0.5	2	2	0.5
202105030209	東京	9	3	3	プロース		-1	-1	36.3875	9.0	0.10714285714285714	8.0	-1.0	99.0	-1.0	99.0	-1.0	99.0	-1.0	99.0	-1.0	99.0	-1.0	99.0	0	0	0	0	0	0.25	0.2857142857142857	0.0	0.0	0.35	0.4	-1.0	-1.0	0.0	0.0	-1.0	-1.0	0.0	0.0	34.0	28	3	0.10714285714285714	3	4	0.14285714285714285
202105030209	東京	9	4	4	エトワール		1	-1	35.464285714285715	8.0	0.6428571428571429	3.0	0.3076923076923077	4.0	0.5384615384615384	4.0	0.375	4.0	0.375	6.0	0.375	5.0	0.375	7.0	0	0	0	0	0	0.35714285714285715	0.5714285714285714	0.35714285714285715	0.5714285714285714	-1.0	-1.0	0.3076923076923077	0.5384615384615384	1.0	1.0	0.375	0.375	0.3333333333333333	0.8333333333333334	34.0	14	8	0.5714285714285714	9	9	0.6428571428571429
202105030209	東京	9	5	5	キタノインパクト		1	1	34.6375	1.0	0.75	1.5	0.625	2.0	0.75	2.0	0.5	3.0	0.6666666666666666	3.0	0.4	3.5	0.6	2.0	1	1	1	1	1	0.625	0.75	0.625	0.75	-1.0	-1.0	0.625	0.75	-1.0	-1.0	0.5	0.6666666666666666	1.0	1.0	33.6	8	5	0.625	6	6	0.75
202105030209	東京	9	6	6	キャベンディッシュ		-1	-1	35.1	4.5	-1.0	99.0	-1.0	99.0	-1.0	99.0	-1.0	99.0	-1.0	99.0	-1.0	99.0	-1.0	99.0	0	0	0	0	0	0.07894736842105263	0.18421052631578946	0.0	0.0	0.08108108108108109	0.1891891891891892	-1.0	-1.0	-1.0	-1.0	-1.0	-1.0	-1.0	-1.0	35.1	38	0	0.0	0	0	0.0
202105030209	東京	9	7	7	ミモザイエロー		1	-1	34.7576923076923	2.0	0.3461538461538461	6.0	0.18181818181818185	7.0	0.3636363636363637	6.0	0.2307692307692308	6.0	0.4615384615384616	4.0	0.2307692307692308	6.0	0.4615384615384616	5.0	0	0	0	0	0	0.19230769230769232	0.4615384615384616	0.19230769230769232	0.4615384615384616	-1.0	-1.0	0.18181818181818185	0.3636363636363637	0.25	1.0	0.2307692307692308	0.4615384615384616	0.15384615384615385	0.4615384615384616	33.0	26	9	0.3461538461538461	9	10	0.38461538461538464
202105030209	東京	9	7	8	サイモンサーマル		-1	-1	36.703030303030296	10.0	0.07142857142857142	9.0	-1.0	99.0	-1.0	99.0	0.16666666666666666	8.0	0.16666666666666666	8.0	-1.0	99.0	-1.0	99.0	0	0	0	0	0	0.047619047619047616	0.047619047619047616	0.030303030303030307	0.030303030303030307	0.1111111111111111	0.1111111111111111	-1.0	-1.0	0.07142857142857142	0.07142857142857142	0.16666666666666666	0.16666666666666666	0.0	0.0	34.1	42	7	0.16666666666666666	3	7	0.16666666666666666
202105030209	東京	9	8	9	クロワドフェール		1	1	35.425	7.0	0.75	1.5	0.6	3.0	0.6	3.0	0.8	2.0	0.8	2.0	0.5	2.0	0.5	3.5	1	0	0	0	1	0.625	0.625	0.625	0.625	-1.0	-1.0	0.6	0.6	0.6666666666666666	0.6666666666666666	0.8	0.8	0.3333333333333333	0.3333333333333333	33.3	8	5	0.625	6	6	0.75
202105030209	東京	9	8	10	ディアセオリー		1	-1	35.17999999999999	6.0	0.625	4.0	0.2	6.0	0.4	5.0	0.2222222222222222	7.0	0.4444444444444444	5.0	0.16666666666666666	7.0	0.5	3.5	1	0	0	0	0	0.25	0.375	0.26666666666666666	0.4	0.0	0.0	0.2	0.4	0.4	0.4	0.2222222222222222	0.4444444444444444	0.3333333333333333	0.3333333333333333	33.2	16	8	0.5	10	10	0.625
202105030210	東京	10	1	1	アイムポッシブル		-1	-1	37.95454545454545	11.0	0.2857142857142857	12.0	0.75	1.0	0.75	1.0	0.625	3.0	0.625	3.0	-1.0	99.0	-1.0	99.0	1	0	0	0	0	0.42857142857142855	0.42857142857142855	0.0	0.0	0.5	0.5	0.75	0.75	0.2857142857142857	0.2857142857142857	0.625	0.625	0.0	0.0	36.2	14	3	0.21428571428571427	4	4	0.2857142857142857
202105030210	東京	10	2	2	アメリカンファクト		1	1	37.77368421052631	10.0	0.85	1.0	0.4375	3.0	0.4375	6.0	0.6666666666666666	2.0	0.6666666666666666	2.0	0.625	2.0	0.625	2.0	1	0	0	0	1	0.5	0.5	0.0	0.0	0.5263157894736842	0.5263157894736842	0.4375	0.4375	1.0	1.0	0.6666666666666666	0.6666666666666666	0.2857142857142857	0.2857142857142857	36.3	20	18	0.9	17	18	0.9
202105030210	東京	10	2	3	フィルストバーン		1	-1	38.84210526315789	14.0	0.6818181818181818	3.0	0.2222222222222222	9.0	0.3333333333333333	8.5	0.5	4.5	0.5	5.0	0.5	5.0	0.5	5.5	0	0	0	0	0	0.2727272727272727	0.3181818181818182	0.0	0.0	0.3157894736842105	0.3684210526315789	0.2222222222222222	0.3333333333333333	0.4	0.4	0.5	0.5	0.2307692307692308	0.3076923076923077	37.1	22	17	0.7727272727272727	15	17	0.7727272727272727
202105030210	東京	10	3	4	シェパードボーイ		1	-1	37.042857142857144	3.0	0.4666666666666667	9.0	0.2727272727272727	7.0	0.4545454545454545	5.0	-1.0	99.0	0.16666666666666666	12.0	-1.0	99.0	-1.0	99.0	0	0	0	0	0	0.26666666666666666	0.4666666666666667	0.0	0.0	0.2857142857142857	0.5	0.2727272727272727	0.4545454545454545	0.3333333333333333	0.6666666666666666	-1.0	0.16666666666666666	0.5	0.75	35.1	15	7	0.4666666666666667	7	7	0.4666666666666667
202105030210	東京	10	3	5	ケイアイビリジアン		-1	-1	37.45	7.0	0.5714285714285714	7.0	-1.0	99.0	-1.0	99.0	-1.0	99.0	-1.0	99.0	0.2727272727272727	7.0	0.3636363636363637	7.5	0	0	0	0	0	0.2380952380952381	0.3333333333333333	0.0	0.0	0.2777777777777778	0.3888888888888889	-1.0	-1.0	0.0	0.0	-1.0	-1.0	0.0	0.0	35.8	21	11	0.5238095238095238	12	12	0.5714285714285714
202105030210	東京	10	4	6	シホノレジーナ		1	-1	38.322222222222216	13.0	0.6428571428571429	5.0	0.5	2.0	0.5	2.5	0.75	1.0	0.75	1.0	1.0	1.0	1.0	1.0	1	0	0	0	0	0.35714285714285715	0.5	0.2	0.6	0.4444444444444444	0.4444444444444444	0.5	0.5	0.3333333333333333	0.3333333333333333	0.75	0.75	0.2	0.2	36.1	14	9	0.6428571428571429	9	9	0.6428571428571429
202105030210	東京	10	4	7	プロヴィデンス		1	-1	37.57857142857143	8.0	0.6470588235294118	4.0	0.4166666666666667	4.0	0.4166666666666667	7.0	0.5	4.5	0.5	5.0	0.5555555555555556	4.0	0.5555555555555556	4.0	0	0	0	0	0	0.29411764705882354	0.35294117647058826	0.0	0.3333333333333333	0.35714285714285715	0.35714285714285715	0.4166666666666667	0.4166666666666667	0.0	0.0	0.5	0.5	0.0	0.0	36.1	17	12	0.7058823529411765	11	12	0.7058823529411765
202105030210	東京	10	5	8	モズダッシュスター		-1	-1	38.111111111111114	12.0	0.42857142857142855	10.0	0.2	10.0	0.2	12.0	0.3333333333333333	8.0	0.3333333333333333	8.5	-1.0	99.0	-1.0	99.0	0	0	0	0	0	0.42857142857142855	0.5714285714285714	-1.0	-1.0	0.42857142857142855	0.5714285714285714	0.2	0.2	0.25	0.5	0.3333333333333333	0.3333333333333333	0.16666666666666666	0.3333333333333333	35.9	14	6	0.42857142857142855	6	6	0.42857142857142855
202105030210	東京	10	5	9	サンタナブルー		-1	-1	36.75227272727272	2.0	0.16071428571428573	13.0	0.1794871794871795	11.0	0.28205128205128205	10.0	0.1951219512195122	10.0	0.3170731707317073	10.0	0.19230769230769232	9.0	0.2692307692307692	10.0	0	0	0	0	0	0.14285714285714285	0.25	0.0	0.08333333333333333	0.18181818181818185	0.2954545454545455	0.1794871794871795	0.28205128205128205	0.2	0.4	0.1951219512195122	0.3170731707317073	0.0	0.0	35.4	56	8	0.14285714285714285	9	9	0.16071428571428573
202105030210	東京	10	6	10	エアコンヴィーナ		1	1	37.08888888888888	6.0	0.7222222222222222	2.0	0.3333333333333333	5.0	0.4666666666666667	4.0	0.42857142857142855	6.0	0.42857142857142855	7.0	0.5714285714285714	3.0	0.5714285714285714	3.0	1	0	0	0	1	0.3888888888888889	0.5	-1.0	-1.0	0.3888888888888889	0.5	0.3333333333333333	0.4666666666666667	0.6666666666666666	0.6666666666666666	0.42857142857142855	0.42857142857142855	0.25	0.75	34.8	18	12	0.6666666666666666	13	13	0.7222222222222222
202105030210	東京	10	6	11	アイアムハヤスギル		1	-1	37.05238095238095	5.0	0.5454545454545454	8.0	0.3125	6.0	0.5	2.5	0.4	7.0	0.5	5.0	0.375	6.0	0.5	5.5	1	0	0	0	0	0.3636363636363637	0.5	0.0	0.0	0.3809523809523809	0.5238095238095238	0.3125	0.5	0.6	0.6	0.4	0.5	0.3636363636363637	0.5454545454545454	34.9	22	12	0.5454545454545454	12	12	0.5454545454545454
202105030210	東京	10	7	12	フォーカード		-1	-1	37.04705882352942	4.0	0.05555555555555555	14.0	0.26666666666666666	8.0	0.3333333333333333	8.5	0.25	9.0	0.3333333333333333	8.5	0.2	8.0	0.3	9.0	0	0	0	0	0	0.2222222222222222	0.2777777777777778	0.0	0.0	0.2352941176470588	0.29411764705882354	0.26666666666666666	0.3333333333333333	0.0	0.0	0.25	0.3333333333333333	0.2	0.2	35.9	18	1	0.05555555555555555	1	1	0.05555555555555555
202105030210	東京	10	7	13	ロライマ		-1	-1	99.99	99.0	-1.0	99.0	-1.0	99.0	-1.0	99.0	-1.0	99.0	-1.0	99.0	-1.0	99.0	-1.0	99.0	0	0	0	0	0	0.21428571428571427	0.4523809523809524	0.21428571428571427	0.4523809523809524	-1.0	-1.0	-1.0	-1.0	-1.0	-1.0	-1.0	-1.0	-1.0	-1.0	99.99	42	0	0.0	0	0	0.0
202105030210	東京	10	8	14	コパノマーキュリー		-1	-1	37.638888888888886	9.0	0.5789473684210527	6.0	0.1111111111111111	12.0	0.2222222222222222	11.0	-1.0	99.0	0.25	11.0	-1.0	99.0	-1.0	99.0	0	0	0	0	0	0.21052631578947367	0.3157894736842105	0.0	0.0	0.2222222222222222	0.3333333333333333	0.1111111111111111	0.2222222222222222	0.3333333333333333	0.4444444444444444	-1.0	0.25	0.2857142857142857	0.35714285714285715	35.0	19	12	0.631578947368421	11	12	0.631578947368421
202105030210	東京	10	8	15	カミノコ		-1	-1	36.747368421052634	1.0	0.3414634146341464	11.0	-1.0	99.0	-1.0	99.0	-1.0	99.0	-1.0	99.0	0.09090909090909093	10.0	0.3636363636363637	7.5	0	0	0	0	0	0.175	0.4	0.0	0.0	0.18421052631578946	0.42105263157894735	-1.0	-1.0	0.0	0.0	-1.0	-1.0	0.0	0.0	34.6	41	11	0.2682926829268293	14	14	0.3414634146341464
202105030211	東京	11	1	1	サリオス		1	-1	34.5	7.0	0.75	4.5	0.75	2.0	0.75	4.0	1.0	1.5	1.0	2.0	1.0	2.0	1.0	2.5	1	0	0	0	0	0.75	0.75	0.75	0.75	-1.0	-1.0	0.75	0.75	-1.0	-1.0	1.0	1.0	0.5	0.5	33.1	8	5	0.625	6	6	0.75
202105030211	東京	11	2	2	ギベオン		-1	-1	34.973684210526315	11.0	0.5789473684210527	8.0	0.3333333333333333	9.5	0.3333333333333333	10.5	0.3636363636363637	10.0	0.3636363636363637	10.0	0.4	8.0	0.4	8.5	0	0	0	0	0	0.3157894736842105	0.3157894736842105	0.3157894736842105	0.3157894736842105	-1.0	-1.0	0.3333333333333333	0.3333333333333333	0.0	0.0	0.3636363636363637	0.3636363636363637	0.25	0.25	33.7	19	11	0.5789473684210527	11	12	0.631578947368421
202105030211	東京	11	3	3	ダイワキャグニー		-1	-1	34.72068965517241	9.0	0.6551724137931034	7.0	0.3333333333333333	9.5	0.4444444444444444	8.0	0.375	8.5	0.4583333333333333	7.0	0.45	7.0	0.5	7.0	0	0	0	0	0	0.3103448275862069	0.4137931034482759	0.3103448275862069	0.4137931034482759	-1.0	-1.0	0.3333333333333333	0.4444444444444444	0.0	0.0	0.375	0.4583333333333333	0.0	0.2	32.9	29	19	0.6551724137931034	19	20	0.6896551724137931
202105030211	東京	11	3	4	カラテ		-1	-1	36.16190476190477	14.0	0.5217391304347826	9.0	0.26666666666666666	12.0	0.26666666666666666	12.0	0.16666666666666666	12.0	0.16666666666666666	13.0	0.3333333333333333	9.5	0.3333333333333333	10.5	0	0	0	0	0	0.21739130434782608	0.21739130434782608	0.2380952380952381	0.2380952380952381	0.0	0.0	0.26666666666666666	0.26666666666666666	0.16666666666666666	0.16666666666666666	0.16666666666666666	0.16666666666666666	0.3333333333333333	0.3333333333333333	34.0	23	13	0.5652173913043478	12	14	0.6086956521739131
202105030211	東京	11	4	5	グランアレグリア		-1	-1	33.90000000000001	2.0	0.5	10.5	-1.0	99.0	-1.0	99.0	-1.0	99.0	-1.0	99.0	0.8	4.0	0.8	5.0	0	0	0	0	0	0.75	0.8333333333333334	0.75	0.8333333333333334	-1.0	-1.0	-1.0	-1.0	-1.0	-1.0	-1.0	-1.0	0.0	0.0	32.6	12	7	0.5833333333333334	6	7	0.5833333333333334
202105030211	東京	11	4	6	ダノンプレミアム		1	-1	34.23333333333334	4.0	0.7857142857142857	3.0	0.6	4.0	0.6	6.0	0.42857142857142855	6.0	0.42857142857142855	8.0	0.3333333333333333	9.5	0.3333333333333333	10.5	0	0	0	0	0	0.5714285714285714	0.6428571428571429	0.5714285714285714	0.6428571428571429	-1.0	-1.0	0.6	0.6	1.0	1.0	0.42857142857142855	0.42857142857142855	1.0	1.0	32.2	14	11	0.7857142857142857	11	11	0.7857142857142857
202105030211	東京	11	5	7	ラウダシオン		1	1	34.95	10.0	0.8333333333333334	2.0	0.6	4.0	0.7	5.0	0.7142857142857143	3.0	0.8571428571428571	4.0	1.0	2.0	1.0	2.5	1	0	0	0	1	0.5833333333333334	0.75	0.5833333333333334	0.75	-1.0	-1.0	0.6	0.7	0.5	1.0	0.7142857142857143	0.8571428571428571	0.4	0.6	33.5	12	10	0.8333333333333334	10	10	0.8333333333333334
202105030211	東京	11	5	8	インディチャンプ		1	1	33.810526315789474	1.0	0.5	10.5	0.4666666666666667	6.0	0.8	2.5	0.5	5.0	1.0	2.0	0.5	6.0	1.0	2.5	1	0	0	1	0	0.5	0.75	0.5	0.75	-1.0	-1.0	0.4666666666666667	0.8	0.75	0.75	0.5	1.0	0.5384615384615384	0.6923076923076923	32.1	20	9	0.45	10	11	0.55
202105030211	東京	11	6	9	トーラスジェミニ		-1	-1	35.874074074074066	13.0	0.8518518518518519	1.0	0.2777777777777778	11.0	0.3333333333333333	10.5	0.2	11.0	0.3	11.0	0.125	14.0	0.25	12.5	0	0	0	0	0	0.25925925925925924	0.2962962962962963	0.25925925925925924	0.2962962962962963	-1.0	-1.0	0.2777777777777778	0.3333333333333333	0.2222222222222222	0.2222222222222222	0.2	0.3	0.29411764705882354	0.29411764705882354	34.0	27	24	0.8888888888888888	23	24	0.8888888888888888
202105030211	東京	11	6	10	カデナ		-1	-1	35.01	12.0	0.13333333333333333	14.0	0.21052631578947367	13.0	0.21052631578947367	13.0	0.1111111111111111	13.0	0.2222222222222222	12.0	0.14285714285714285	13.0	0.14285714285714285	14.0	0	0	0	0	0	0.2333333333333333	0.3333333333333333	0.2333333333333333	0.3333333333333333	-1.0	-1.0	0.21052631578947367	0.21052631578947367	0.2727272727272727	0.5454545454545454	0.1111111111111111	0.2222222222222222	0.2857142857142857	0.3809523809523809	32.3	30	2	0.06666666666666668	4	4	0.13333333333333333
202105030211	東京	11	7	11	ダノンキングリー		1	-1	34.29090909090908	5.0	0.7272727272727273	6.0	0.6	4.0	0.8	2.5	0.6666666666666666	4.0	0.6666666666666666	5.0	0.6666666666666666	5.0	0.6666666666666666	6.0	1	0	0	0	0	0.5454545454545454	0.7272727272727273	0.5454545454545454	0.7272727272727273	-1.0	-1.0	0.6	0.8	0.0	0.0	0.6666666666666666	0.6666666666666666	0.4	0.8	32.9	11	6	0.5454545454545454	8	8	0.7272727272727273
202105030211	東京	11	7	12	ケイデンスコール		-1	-1	34.16470588235295	3.0	0.17647058823529413	13.0	0.4166666666666667	7.5	0.4166666666666667	9.0	0.38461538461538464	7.0	0.38461538461538464	9.0	0.25	11.0	0.25	12.5	0	0	0	0	0	0.4117647058823529	0.4117647058823529	0.4117647058823529	0.4117647058823529	-1.0	-1.0	0.4166666666666667	0.4166666666666667	0.4	0.4	0.38461538461538464	0.38461538461538464	0.5	0.5	33.1	17	2	0.1176470588235294	3	3	0.17647058823529413
202105030211	東京	11	8	13	シュネルマイスター		1	-1	34.65000000000001	8.0	0.75	4.5	1.0	1.0	1.0	1.0	1.0	1.5	1.0	2.0	1.0	2.0	1.0	2.5	1	0	0	0	0	1.0	1.0	1.0	1.0	-1.0	-1.0	1.0	1.0	1.0	1.0	1.0	1.0	1.0	1.0	34.0	4	2	0.5	3	3	0.75
202105030211	東京	11	8	14	カテドラル		-1	-1	34.40625	6.0	0.3125	12.0	0.4166666666666667	7.5	0.5	7.0	0.375	8.5	0.5	6.0	0.2	12.0	0.4	8.5	0	0	0	0	0	0.375	0.4375	0.375	0.4375	-1.0	-1.0	0.4166666666666667	0.5	0.25	0.25	0.375	0.5	0.375	0.375	33.3	16	4	0.25	5	5	0.3125
202105030212	東京	12	1	1	デンコウハピネス		-1	-1	37.49999999999999	9.0	0.2	9.0	0.16666666666666666	11.0	0.16666666666666666	15.0	-1.0	99.0	-1.0	99.0	-1.0	99.0	-1.0	99.0	0	0	0	0	0	0.15	0.25	-1.0	-1.0	0.15	0.25	0.16666666666666666	0.16666666666666666	0.125	0.375	-1.0	-1.0	0.2	0.3333333333333333	35.0	20	3	0.15	4	4	0.2
202105030212	東京	12	1	2	フォークテイル		1	-1	37.125	5.0	0.05555555555555555	13.0	-1.0	99.0	0.3333333333333333	9.5	-1.0	99.0	0.25	9.0	-1.0	99.0	0.5	5.0	0	0	0	0	0	0.16666666666666666	0.2777777777777778	0.21428571428571427	0.2857142857142857	0.0	0.25	-1.0	0.3333333333333333	0.0	0.0	-1.0	0.25	-1.0	-1.0	36.6	18	2	0.1111111111111111	1	2	0.1111111111111111
202105030212	東京	12	2	3	ヘライア		-1	-1	37.642857142857146	11.0	0.25	8.0	0.3333333333333333	7.0	0.3333333333333333	9.5	0.42857142857142855	6.0	0.42857142857142855	7.0	0.5	4.0	0.5	5.0	0	0	0	0	0	0.375	0.375	0.0	0.0	0.42857142857142855	0.42857142857142855	0.3333333333333333	0.3333333333333333	1.0	1.0	0.42857142857142855	0.42857142857142855	-1.0	-1.0	36.3	8	2	0.25	2	2	0.25
202105030212	東京	12	2	4	スズカクローカス		-1	-1	37.04	4.0	-1.0	99.0	0.1	13.0	0.2	13.0	-1.0	99.0	-1.0	99.0	-1.0	99.0	-1.0	99.0	0	0	0	0	0	0.18181818181818185	0.2727272727272727	0.0	0.0	0.26666666666666666	0.4	0.1	0.2	-1.0	-1.0	-1.0	-1.0	0.2	0.4	36.0	22	0	0.0	0	0	0.0
202105030212	東京	12	3	5	チュウワフライヤー		1	-1	37.23125	6.0	0.4444444444444444	4.0	0.18181818181818185	9.0	0.18181818181818185	14.0	0.2	7.0	0.2	11.0	0.5	4.0	0.5	5.0	0	0	0	0	0	0.2777777777777778	0.3333333333333333	0.5	0.5	0.25	0.3125	0.18181818181818185	0.18181818181818185	0.4	0.6	0.2	0.2	0.2727272727272727	0.3636363636363637	35.6	18	8	0.4444444444444444	8	8	0.4444444444444444
202105030212	東京	12	3	6	ブッチーニ		1	-1	36.8875	3.0	0.125	10.5	0.5714285714285714	4.0	0.5714285714285714	5.0	-1.0	99.0	-1.0	99.0	-1.0	99.0	-1.0	99.0	0	0	0	0	0	0.5	0.5	-1.0	-1.0	0.5	0.5	0.5714285714285714	0.5714285714285714	0.0	0.0	-1.0	-1.0	0.6666666666666666	0.6666666666666666	36.1	8	1	0.125	1	1	0.125
202105030212	東京	12	4	7	グランパラディーゾ		1	1	35.95	1.0	-1.0	99.0	1.0	1.5	1.0	1.5	1.0	2.0	1.0	2.0	1.0	1.5	1.0	1.5	1	0	0	1	0	0.5	0.75	0.0	0.5	1.0	1.0	1.0	1.0	-1.0	-1.0	1.0	1.0	-1.0	-1.0	35.8	4	0	0.0	0	0	0.0
202105030212	東京	12	4	8	カシマフウリン		-1	-1	37.53478260869566	10.0	0.32	6.0	-1.0	99.0	-1.0	99.0	-1.0	99.0	-1.0	99.0	-1.0	99.0	0.14285714285714285	9.0	0	0	0	0	0	0.08333333333333333	0.2916666666666667	-1.0	-1.0	0.08333333333333333	0.2916666666666667	-1.0	-1.0	0.0	0.0	-1.0	-1.0	0.0	0.0	35.9	25	10	0.4	8	10	0.4
202105030212	東京	12	5	9	ラヴィンフォール		-1	-1	38.58	15.0	0.3076923076923077	7.0	0.75	3.0	0.75	3.0	0.5	4.5	0.5	5.0	-1.0	99.0	-1.0	99.0	1	0	0	0	0	0.38461538461538464	0.4615384615384616	0.25	0.375	0.6	0.6	0.75	0.75	0.0	0.0	0.5	0.5	1.0	1.0	37.4	13	4	0.3076923076923077	4	4	0.3076923076923077
202105030212	東京	12	5	10	ラフリッグフェル		1	-1	38.16428571428571	14.0	0.6428571428571429	2.0	0.16666666666666666	11.0	0.5	6.5	-1.0	99.0	0.5	5.0	-1.0	99.0	-1.0	99.0	0	0	0	0	0	0.2857142857142857	0.5	-1.0	-1.0	0.2857142857142857	0.5	0.16666666666666666	0.5	0.375	0.5	-1.0	0.5	0.3333333333333333	0.5	36.8	14	8	0.5714285714285714	9	9	0.6428571428571429
202105030212	東京	12	6	11	スピードオブラブ		-1	-1	37.266666666666666	7.0	0.07692307692307693	12.0	0.5	5.5	0.5	6.5	0.5	4.5	0.5	5.0	0.5	4.0	0.5	5.0	0	0	0	0	0	0.4615384615384616	0.4615384615384616	0.42857142857142855	0.42857142857142855	0.5	0.5	0.5	0.5	-1.0	-1.0	0.5	0.5	0.5	0.5	36.6	13	0	0.0	1	1	0.07692307692307693
202105030212	東京	12	6	12	ガチコ		-1	-1	36.8	2.0	0.038461538461538464	14.0	0.16666666666666666	11.0	0.25	11.0	0.19047619047619047	8.0	0.2380952380952381	10.0	0.21052631578947367	7.0	0.2631578947368421	8.0	0	0	0	0	0	0.15384615384615385	0.2307692307692308	-1.0	-1.0	0.15384615384615385	0.2307692307692308	0.16666666666666666	0.25	0.0	0.0	0.19047619047619047	0.2380952380952381	0.0	0.2	35.2	26	1	0.038461538461538464	1	1	0.038461538461538464
202105030212	東京	12	7	13	クレデンザ		-1	-1	37.36666666666667	8.0	0.125	10.5	1.0	1.5	1.0	1.5	1.0	2.0	1.0	2.0	1.0	1.5	1.0	1.5	1	0	0	0	0	0.625	0.625	0.6	0.6	0.6666666666666666	0.6666666666666666	1.0	1.0	0.0	0.0	1.0	1.0	0.0	0.0	36.6	8	1	0.125	1	1	0.125
202105030212	東京	12	7	14	メイショウマサヒメ		1	1	37.884615384615394	13.0	0.5238095238095238	3.0	0.5	5.5	0.6	4.0	1.0	2.0	1.0	2.0	-1.0	99.0	-1.0	99.0	1	0	0	0	1	0.3809523809523809	0.4761904761904762	0.25	0.375	0.4615384615384616	0.5384615384615384	0.5	0.6	0.3333333333333333	0.3333333333333333	1.0	1.0	0.3636363636363637	0.4545454545454545	36.8	21	11	0.5238095238095238	11	11	0.5238095238095238
202105030212	東京	12	8	15	シャルロッテミノル		-1	-1	39.2	16.0	0.6666666666666666	1.0	0.07692307692307693	14.0	0.2307692307692308	12.0	-1.0	99.0	-1.0	99.0	-1.0	99.0	-1.0	99.0	0	0	0	0	0	0.19047619047619047	0.3333333333333333	-1.0	-1.0	0.19047619047619047	0.3333333333333333	0.07692307692307693	0.2307692307692308	0.375	0.5	-1.0	-1.0	0.3076923076923077	0.5384615384615384	37.1	21	14	0.6666666666666666	14	14	0.6666666666666666
202105030212	東京	12	8	16	ラブリーエンジェル		1	-1	37.7388888888889	12.0	0.3333333333333333	5.0	0.2	8.0	0.4	8.0	0.1875	9.0	0.375	8.0	0.25	6.0	0.5	5.0	0	0	0	0	0	0.16666666666666666	0.3333333333333333	-1.0	-1.0	0.16666666666666666	0.3333333333333333	0.2	0.4	0.0	0.0	0.1875	0.375	0.0	0.0	36.0	18	7	0.3888888888888889	6	7	0.3888888888888889
202107040202	中京	2	1	1	アレトゥーザ		-1	-1	99.99	99.0	-1.0	99.0	-1.0	99.0	-1.0	99.0	-1.0	99.0	-1.0	99.0	-1.0	99.0	-1.0	99.0	0	0	0	0	0	0.0	0.0	0.0	0.0	-1.0	-1.0	-1.0	-1.0	-1.0	-1.0	-1.0	-1.0	-1.0	-1.0	99.99	2	0	0.0	0	0	0.0
202107040202	中京	2	1	2	クリノスパークル		-1	-1	39.6	7.0	-1.0	99.0	-1.0	99.0	-1.0	99.0	-1.0	99.0	-1.0	99.0	-1.0	99.0	-1.0	99.0	0	0	0	0	0	0.0	0.0	-1.0	-1.0	0.0	0.0	-1.0	-1.0	-1.0	-1.0	-1.0	-1.0	0.0	0.0	38.7	2	0	0.0	0	0	0.0
202107040202	中京	2	2	3	ガールズヒロイン		-1	-1	38.714285714285715	1.0	-1.0	99.0	-1.0	99.0	-1.0	99.0	-1.0	99.0	-1.0	99.0	-1.0	99.0	-1.0	99.0	0	0	0	0	0	0.0	0.0	0.0	0.0	0.0	0.0	-1.0	-1.0	0.0	0.0	-1.0	-1.0	0.0	0.0	37.7	8	0	0.0	0	0	0.0
202107040202	中京	2	2	4	セゾンデフルール		-1	-1	39.15000000000001	4.0	-1.0	99.0	-1.0	99.0	-1.0	99.0	-1.0	99.0	-1.0	99.0	-1.0	99.0	-1.0	99.0	0	0	0	0	0	0.0	0.0	0.0	0.0	0.0	0.0	-1.0	-1.0	0.0	0.0	-1.0	-1.0	0.0	0.0	36.8	5	0	0.0	0	0	0.0
202107040202	中京	2	3	5	デシレー		-1	-1	39.13333333333333	3.0	0.2	4.5	-1.0	99.0	-1.0	99.0	-1.0	99.0	-1.0	99.0	-1.0	99.0	-1.0	99.0	0	0	0	0	0	0.0	0.0	0.0	0.0	0.0	0.0	-1.0	-1.0	0.0	0.0	-1.0	-1.0	0.0	0.0	38.4	5	1	0.2	1	1	0.2
202107040202	中京	2	3	6	バンビーナミノル		-1	-1	99.99	99.0	-1.0	99.0	-1.0	99.0	-1.0	99.0	-1.0	99.0	-1.0	99.0	-1.0	99.0	-1.0	99.0	0	0	0	0	0	0.0	0.0	0.0	0.0	-1.0	-1.0	-1.0	-1.0	-1.0	-1.0	-1.0	-1.0	-1.0	-1.0	99.99	1	0	0.0	0	0	0.0
202107040202	中京	2	4	7	シゲルブチョウ		-1	-1	39.23333333333333	5.0	-1.0	99.0	-1.0	99.0	-1.0	99.0	-1.0	99.0	-1.0	99.0	-1.0	99.0	-1.0	99.0	0	0	0	0	0	0.0	0.0	-1.0	-1.0	0.0	0.0	-1.0	-1.0	0.0	0.0	-1.0	-1.0	0.0	0.0	38.5	3	0	0.0	0	0	0.0
202107040202	中京	2	4	8	グッドインパクト		1	1	39.0	2.0	0.2	4.5	0.3333333333333333	3.0	1.0	1.5	-1.0	99.0	1.0	1.5	-1.0	99.0	1.0	1.5	1	0	0	1	0	0.2	0.6	0.0	0.0	0.3333333333333333	1.0	0.3333333333333333	1.0	-1.0	-1.0	-1.0	1.0	0.5	1.0	38.2	5	0	0.0	1	1	0.2
202107040202	中京	2	5	9	メイショウツキシロ		-1	-1	39.55	6.0	-1.0	99.0	-1.0	99.0	-1.0	99.0	-1.0	99.0	-1.0	99.0	-1.0	99.0	-1.0	99.0	0	0	0	0	0	0.0	0.0	0.0	0.0	0.0	0.0	-1.0	-1.0	-1.0	-1.0	-1.0	-1.0	0.0	0.0	39.5	3	0	0.0	0	0	0.0
202107040202	中京	2	5	10	コニャックダイヤ		1	-1	39.92857142857144	8.0	0.42857142857142855	2.0	-1.0	99.0	0.2	4.0	-1.0	99.0	-1.0	99.0	-1.0	99.0	-1.0	99.0	0	0	0	0	0	0.0	0.14285714285714285	-1.0	-1.0	0.0	0.14285714285714285	-1.0	0.2	0.0	0.0	-1.0	-1.0	0.0	0.2	37.6	7	3	0.42857142857142855	3	3	0.42857142857142855
202107040202	中京	2	6	11	シゲルデカスロン		-1	-1	42.1	11.0	0.8	1.0	-1.0	99.0	-1.0	99.0	-1.0	99.0	-1.0	99.0	-1.0	99.0	-1.0	99.0	0	0	0	0	0	0.0	0.0	-1.0	-1.0	0.0	0.0	-1.0	-1.0	0.0	0.0	-1.0	-1.0	0.0	0.0	40.8	5	5	1.0	4	5	1.0
202107040202	中京	2	6	12	プロヴァンスロゼ		-1	-1	99.99	99.0	-1.0	99.0	-1.0	99.0	-1.0	99.0	-1.0	99.0	-1.0	99.0	-1.0	99.0	-1.0	99.0	0	0	0	0	0	0.0	0.0	0.0	0.0	-1.0	-1.0	-1.0	-1.0	-1.0	-1.0	-1.0	-1.0	-1.0	-1.0	99.99	2	0	0.0	0	0	0.0
202107040202	中京	2	7	13	ツーエムプレミアム		-1	-1	99.99	99.0	-1.0	99.0	-1.0	99.0	-1.0	99.0	-1.0	99.0	-1.0	99.0		16.0		16.0	0	0	0	0	0							-1.0	-1.0	-1.0	-1.0	-1.0	-1.0	-1.0	-1.0	99.99	-1	-1	-1.0	-1	-1	-1.0
202107040202	中京	2	7	14	レヴィーアクイーン		1	1	40.06	9.0	0.3333333333333333	3.0	0.4	2.0	0.4	3.0	-1.0	99.0	-1.0	99.0	-1.0	99.0	-1.0	99.0	1	0	0	0	1	0.3333333333333333	0.3333333333333333	0.0	0.0	0.4	0.4	0.4	0.4	-1.0	-1.0	-1.0	-1.0	0.6666666666666666	0.6666666666666666	38.1	6	2	0.3333333333333333	2	2	0.3333333333333333
202107040202	中京	2	8	15	バンボーレ		-1	-1	40.3	10.0	-1.0	99.0	1.0	1.0	1.0	1.5	1.0	1.0	1.0	1.5	1.0	1.0	1.0	1.5	1	0	0	0	0	1.0	1.0	-1.0	-1.0	1.0	1.0	1.0	1.0	-1.0	-1.0	1.0	1.0	-1.0	-1.0	40.3	1	0	0.0	0	0	0.0
202107040202	中京	2	8	16	メガキャット		-1	-1	99.99	99.0	-1.0	99.0	-1.0	99.0	-1.0	99.0	-1.0	99.0	-1.0	99.0	-1.0	99.0	-1.0	99.0	0	0	0	0	0	0.0	0.0	0.0	0.0	-1.0	-1.0	-1.0	-1.0	-1.0	-1.0	-1.0	-1.0	-1.0	-1.0	99.99	1	0	0.0	0	0	0.0
202107040203	中京	3	1	1	メイショウシロガネ		1	-1	38.71666666666667	1.0	0.3333333333333333	5.0	-1.0	99.0	0.2	4.0	-1.0	99.0	-1.0	99.0	-1.0	99.0	-1.0	99.0	0	0	0	0	0	0.0	0.16666666666666666	-1.0	-1.0	0.0	0.16666666666666666	-1.0	0.2	0.0	0.0	-1.0	-1.0	0.0	0.25	37.0	6	3	0.5	2	3	0.5
202107040203	中京	3	1	2	ビオグラフィア		-1	-1	99.99	99.0	-1.0	99.0	-1.0	99.0	-1.0	99.0	-1.0	99.0	-1.0	99.0	-1.0	99.0	-1.0	99.0	0	0	0	0	0	0.0	0.0	0.0	0.0	-1.0	-1.0	-1.0	-1.0	-1.0	-1.0	-1.0	-1.0	-1.0	-1.0	99.99	1	0	0.0	0	0	0.0
202107040203	中京	3	2	3	フランコイメル		1	1	38.775	2.0	0.5	3.5	0.3333333333333333	2.0	0.6666666666666666	2.0	0.3333333333333333	2.0	0.6666666666666666	1.0	0.5	2.0	0.5	2.5	1	1	1	1	1	0.25	0.75	-1.0	-1.0	0.25	0.75	0.3333333333333333	0.6666666666666666	0.0	1.0	0.3333333333333333	0.6666666666666666	0.0	1.0	38.1	4	1	0.25	2	2	0.5
202107040203	中京	3	2	4	ロッキーブレイヴ		-1	-1	42.4	11.0	-1.0	99.0	-1.0	99.0	-1.0	99.0	-1.0	99.0	-1.0	99.0	-1.0	99.0	-1.0	99.0	0	0	0	0	0	0.0	0.0	-1.0	-1.0	0.0	0.0	-1.0	-1.0	-1.0	-1.0	-1.0	-1.0	-1.0	-1.0	42.4	1	0	0.0	0	0	0.0
202107040203	中京	3	3	5	ナムラハカ		-1	-1	40.55714285714286	7.0	0.8571428571428571	1.0	-1.0	99.0	-1.0	99.0	-1.0	99.0	-1.0	99.0	-1.0	99.0	-1.0	99.0	0	0	0	0	0	0.0	0.0	-1.0	-1.0	0.0	0.0	-1.0	-1.0	0.0	0.0	-1.0	-1.0	0.0	0.0	39.4	7	7	1.0	6	7	1.0
202107040203	中京	3	3	6	ハイパーソニック		-1	-1	52.5	12.0	-1.0	99.0	-1.0	99.0	-1.0	99.0	-1.0	99.0	-1.0	99.0	-1.0	99.0	-1.0	99.0	0	0	0	0	0	0.0	0.0	-1.0	-1.0	0.0	0.0	-1.0	-1.0	-1.0	-1.0	-1.0	-1.0	0.0	0.0	52.5	1	0	0.0	0	0	0.0
202107040203	中京	3	4	7	シーフードパイセン		1	1	39.05	3.0	0.1111111111111111	7.0	-1.0	99.0	0.5	3.0	-1.0	99.0	0.3333333333333333	3.0	-1.0	99.0	0.5	2.5	1	0	0	1	0	0.1111111111111111	0.2222222222222222	0.0	0.0	0.16666666666666666	0.3333333333333333	-1.0	0.5	0.0	0.0	-1.0	0.3333333333333333	0.0	0.0	37.5	9	1	0.1111111111111111	1	1	0.1111111111111111
202107040203	中京	3	4	8	リーゼントジャンボ		-1	-1	99.99	99.0	-1.0	99.0	-1.0	99.0	-1.0	99.0	-1.0	99.0	-1.0	99.0	-1.0	99.0	-1.0	99.0	0	0	0	0	0	0.0	0.0	0.0	0.0	-1.0	-1.0	-1.0	-1.0	-1.0	-1.0	-1.0	-1.0	-1.0	-1.0	99.99	3	0	0.0	0	0	0.0
202107040203	中京	3	5	9	ミルトディーズ		-1	-1	39.8	5.0	-1.0	99.0	-1.0	99.0	-1.0	99.0	-1.0	99.0	-1.0	99.0	-1.0	99.0	-1.0	99.0	0	0	0	0	0	0.0	0.0	-1.0	-1.0	0.0	0.0	-1.0	-1.0	-1.0	-1.0	-1.0	-1.0	0.0	0.0	39.1	3	0	0.0	0	0	0.0
202107040203	中京	3	5	10	クロスオブドリーム		1	1	40.25	6.0	0.5	3.5	1.0	1.0	1.0	1.0	0.5	1.0	0.5	2.0	1.0	1.0	1.0	1.0	1	0	0	0	1	0.5	0.5	-1.0	-1.0	0.5	0.5	1.0	1.0	0.0	0.0	0.5	0.5	0.5	0.5	39.1	4	2	0.5	2	2	0.5
202107040203	中京	3	6	11	ミッキーレイナ		-1	-1	99.99	99.0	-1.0	99.0	-1.0	99.0	-1.0	99.0	-1.0	99.0	-1.0	99.0	-1.0	99.0	-1.0	99.0	0	0	0	0	0	0.0	0.0	0.0	0.0	-1.0	-1.0	-1.0	-1.0	-1.0	-1.0	-1.0	-1.0	-1.0	-1.0	99.99	3	0	0.0	0	0	0.0
202107040203	中京	3	6	12	クリノインスパイア		-1	-1	40.75	9.0	-1.0	99.0	-1.0	99.0	-1.0	99.0	-1.0	99.0	-1.0	99.0	-1.0	99.0	-1.0	99.0	0	0	0	0	0	0.0	0.0	-1.0	-1.0	0.0	0.0	-1.0	-1.0	0.0	0.0	-1.0	-1.0	0.0	0.0	39.7	4	0	0.0	0	0	0.0
202107040203	中京	3	7	13	ネビーイーム		-1	-1	99.99	99.0	-1.0	99.0	-1.0	99.0	-1.0	99.0	-1.0	99.0	-1.0	99.0	-1.0	99.0	-1.0	99.0	0	0	0	0	0	0.3333333333333333	0.3333333333333333	0.3333333333333333	0.3333333333333333	-1.0	-1.0	-1.0	-1.0	-1.0	-1.0	-1.0	-1.0	-1.0	-1.0	99.99	6	0	0.0	0	0	0.0
202107040203	中京	3	7	14	メイショウセッサイ		-1	-1	39.5	4.0	0.2	6.0	-1.0	99.0	-1.0	99.0	-1.0	99.0	-1.0	99.0	-1.0	99.0	-1.0	99.0	0	0	0	0	0	0.0	0.0	0.0	0.0	0.0	0.0	-1.0	-1.0	0.0	0.0	-1.0	-1.0	-1.0	-1.0	39.4	5	1	0.2	1	1	0.2
202107040203	中京	3	8	15	シルヴェスター		-1	-1	40.8	10.0	0.5714285714285714	2.0	-1.0	99.0	-1.0	99.0	-1.0	99.0	-1.0	99.0	-1.0	99.0	-1.0	99.0	0	0	0	0	0	0.0	0.0	0.0	0.0	0.0	0.0	-1.0	-1.0	0.0	0.0	-1.0	-1.0	0.0	0.0	39.4	7	3	0.42857142857142855	4	4	0.5714285714285714
202107040203	中京	3	8	16	クリノエトワール		-1	-1	40.6	8.0	-1.0	99.0	-1.0	99.0	-1.0	99.0	-1.0	99.0	-1.0	99.0	-1.0	99.0	-1.0	99.0	0	0	0	0	0	0.0	0.0	0.0	0.0	0.0	0.0	-1.0	-1.0	0.0	0.0	-1.0	-1.0	0.0	0.0	40.6	5	0	0.0	0	0	0.0
202107040204	中京	4	1	1	メイショウシマト		-1	-1	99.99	99.0	-1.0	99.0	-1.0	99.0	-1.0	99.0	-1.0	99.0	-1.0	99.0	-1.0	99.0	-1.0	99.0	0	0	0	0	0	0.0	0.0	0.0	0.0	-1.0	-1.0	-1.0	-1.0	-1.0	-1.0	-1.0	-1.0	-1.0	-1.0	99.99	1	0	0.0	0	0	0.0
202107040204	中京	4	1	2	シャトワイエー		1	1	37.925	3.0	-1.0	99.0	-1.0	99.0	-1.0	99.0	-1.0	99.0	0.3333333333333333	3.5	-1.0	99.0	-1.0	99.0	1	0	0	1	0	0.0	0.25	-1.0	-1.0	0.0	0.25	-1.0	-1.0	0.0	0.5	-1.0	0.3333333333333333	0.0	0.0	37.7	4	0	0.0	0	0	0.0
202107040204	中京	4	2	3	ラウディ		1	1	38.6	5.5	0.3333333333333333	3.5	0.25	2.5	0.5	2.5	-1.0	99.0	-1.0	99.0	-1.0	99.0	-1.0	99.0	1	0	0	0	1	0.16666666666666666	0.3333333333333333	0.0	0.0	0.25	0.5	0.25	0.5	-1.0	-1.0	-1.0	-1.0	0.25	0.5	38.0	6	2	0.3333333333333333	2	2	0.3333333333333333
202107040204	中京	4	2	4	サンライズヴェリテ		-1	-1	39.6	11.0	0.3333333333333333	3.5	-1.0	99.0	-1.0	99.0	-1.0	99.0	-1.0	99.0	-1.0	99.0	-1.0	99.0	0	0	0	0	0	0.0	0.0	0.0	0.0	0.0	0.0	-1.0	-1.0	-1.0	-1.0	-1.0	-1.0	0.0	0.0	39.6	3	0	0.0	1	1	0.3333333333333333
202107040204	中京	4	3	5	アスクマンカップ		-1	-1	99.99	99.0	-1.0	99.0	-1.0	99.0	-1.0	99.0	-1.0	99.0	-1.0	99.0		16.0		16.0	0	0	0	0	0							-1.0	-1.0	-1.0	-1.0	-1.0	-1.0	-1.0	-1.0	99.99	-1	-1	-1.0	-1	-1	-1.0
202107040204	中京	4	3	6	エンタイトルド		-1	-1	38.766666666666666	7.0	0.25	6.0	-1.0	99.0	1.0	1.0	-1.0	99.0	0.5	1.5	-1.0	99.0	1.0	1.0	1	0	0	0	0	0.0	0.25	0.0	0.0	0.0	0.3333333333333333	-1.0	1.0	0.0	0.0	-1.0	0.5	0.0	0.0	38.2	4	0	0.0	1	1	0.25
202107040204	中京	4	4	7	サトノスバル		-1	-1	40.55	13.0	0.25	6.0	-1.0	99.0	-1.0	99.0	-1.0	99.0	-1.0	99.0	-1.0	99.0	-1.0	99.0	0	0	0	0	0	0.0	0.25	0.0	0.5	0.0	0.0	-1.0	-1.0	0.0	0.0	-1.0	-1.0	0.0	0.0	39.7	4	1	0.25	1	1	0.25
202107040204	中京	4	4	8	フィルムスコア		-1	-1	99.99	99.0	-1.0	99.0	-1.0	99.0	-1.0	99.0	-1.0	99.0	-1.0	99.0	-1.0	99.0	-1.0	99.0	0	0	0	0	0	0.0	0.0	0.0	0.0	-1.0	-1.0	-1.0	-1.0	-1.0	-1.0	-1.0	-1.0	-1.0	-1.0	99.99	4	0	0.0	0	0	0.0
202107040204	中京	4	5	9	トムティット		-1	-1	39.0	9.0	0.2	8.5	-1.0	99.0	-1.0	99.0	-1.0	99.0	-1.0	99.0	-1.0	99.0	-1.0	99.0	0	0	0	0	0	0.0	0.0	-1.0	-1.0	0.0	0.0	-1.0	-1.0	0.0	0.0	-1.0	-1.0	0.0	0.0	36.9	5	1	0.2	1	1	0.2
202107040204	中京	4	5	10	メイショウメイスイ		-1	-1	40.35	12.0	0.75	2.0	-1.0	99.0	-1.0	99.0	-1.0	99.0	-1.0	99.0	-1.0	99.0	-1.0	99.0	0	0	0	0	0	0.0	0.0	-1.0	-1.0	0.0	0.0	-1.0	-1.0	-1.0	-1.0	-1.0	-1.0	0.0	0.0	39.2	4	3	0.75	3	3	0.75
202107040204	中京	4	6	11	ムエックス		-1	-1	36.75	1.0	-1.0	99.0	-1.0	99.0	-1.0	99.0	-1.0	99.0	-1.0	99.0	-1.0	99.0	-1.0	99.0	0	0	0	0	0	0.0	0.0	-1.0	-1.0	0.0	0.0	-1.0	-1.0	-1.0	-1.0	-1.0	-1.0	0.0	0.0	35.7	2	0	0.0	0	0	0.0
202107040204	中京	4	6	12	ティーティーゴー		1	-1	38.17999999999999	4.0	0.2	8.5	0.2	4.0	0.2	5.5	0.25	2.0	0.25	5.0	0.25	2.0	0.25	4.0	1	0	0	0	0	0.2	0.2	-1.0	-1.0	0.2	0.2	0.2	0.2	-1.0	-1.0	0.25	0.25	0.0	0.0	37.2	5	1	0.2	1	1	0.2
202107040204	中京	4	7	13	トレサイーユ		1	1	37.9	2.0	0.125	10.0	0.25	2.5	0.25	4.0	0.5	1.0	0.5	1.5	0.5	1.0	0.5	2.5	1	0	0	1	0	0.125	0.125	0.0	0.0	0.25	0.25	0.25	0.25	-1.0	-1.0	0.5	0.5	0.0	0.0	37.6	8	1	0.125	1	1	0.125
202107040204	中京	4	7	14	ヒロノクイーン		1	1	39.4	10.0	1.0	1.0	0.5	1.0	0.5	2.5	-1.0	99.0	-1.0	99.0	-1.0	99.0	-1.0	99.0	1	0	0	0	1	0.25	0.25	-1.0	-1.0	0.25	0.25	0.5	0.5	0.0	0.0	-1.0	-1.0	0.5	0.5	38.3	4	4	1.0	4	4	1.0
202107040204	中京	4	8	15	テイエムグレイト		1	-1	38.6	5.5	0.25	6.0	-1.0	99.0	0.2	5.5	-1.0	99.0	0.3333333333333333	3.5	-1.0	99.0	0.5	2.5	1	0	0	0	0	0.0	0.125	0.0	0.0	0.0	0.16666666666666666	-1.0	0.2	0.0	0.0	-1.0	0.3333333333333333	0.0	0.0	37.9	8	3	0.375	2	3	0.375
202107040204	中京	4	8	16	ハイフォース		-1	-1	38.8	8.0	-1.0	99.0	-1.0	99.0	-1.0	99.0	-1.0	99.0	-1.0	99.0	-1.0	99.0	-1.0	99.0	0	0	0	0	0	0.0	0.0	0.0	0.0	0.0	0.0	-1.0	-1.0	-1.0	-1.0	-1.0	-1.0	0.0	0.0	36.8	6	0	0.0	0	0	0.0
202107040206	中京	6	1	1	レイクビワ		-1	-1	99.99	99.0	-1.0	99.0	-1.0	99.0	-1.0	99.0	-1.0	99.0	-1.0	99.0		12.0		12.0	0	0	0	0	0							-1.0	-1.0	-1.0	-1.0	-1.0	-1.0	-1.0	-1.0	99.99	-1	-1	-1.0	-1	-1	-1.0
202107040206	中京	6	1	2	サマートゥリスト		1	1	34.0	1.0	-1.0	99.0	1.0	1.0	1.0	1.0	1.0	1.0	1.0	1.0	1.0	1.0	1.0	1.0	1	0	0	1	0	1.0	1.0	1.0	1.0	-1.0	-1.0	1.0	1.0	-1.0	-1.0	1.0	1.0	-1.0	-1.0	34.0	1	0	0.0	0	0	0.0
202107040206	中京	6	2	3	ヴィトーリア		1	-1	34.940000000000005	4.0	0.2	4.5	0.25	2.0	0.25	3.0	0.5	2.0	0.5	2.5	0.5	2.0	0.5	2.5	1	0	0	0	0	0.2	0.2	0.2	0.2	-1.0	-1.0	0.25	0.25	0.0	0.0	0.5	0.5	0.0	0.0	33.8	5	1	0.2	1	1	0.2
202107040206	中京	6	2	4	ダノンターキッシュ		1	1	34.35	2.0	0.25	2.5	-1.0	99.0	0.25	3.0	-1.0	99.0	0.5	2.5	-1.0	99.0	0.5	2.5	1	1	1	1	1	0.0	0.25	0.0	0.25	-1.0	-1.0	-1.0	0.25	-1.0	-1.0	-1.0	0.5	0.0	0.0	33.0	4	1	0.25	1	1	0.25
202107040206	中京	6	3	5	デマントイド		-1	-1	36.025	9.0	0.25	2.5	-1.0	99.0	-1.0	99.0	-1.0	99.0	-1.0	99.0	-1.0	99.0	-1.0	99.0	0	0	0	0	0	0.0	0.0	0.0	0.0	-1.0	-1.0	-1.0	-1.0	0.0	0.0	-1.0	-1.0	0.0	0.0	34.6	8	2	0.25	2	2	0.25
202107040206	中京	6	3	6	ミーティア		-1	-1	99.99	99.0	-1.0	99.0	-1.0	99.0	-1.0	99.0	-1.0	99.0	-1.0	99.0		13.0		13.0	0	0	0	0	0							-1.0	-1.0	-1.0	-1.0	-1.0	-1.0	-1.0	-1.0	99.99	-1	-1	-1.0	-1	-1	-1.0
202107040206	中京	6	4	7	ゼンノミチザネ		-1	-1	35.166666666666664	5.0	-1.0	99.0	-1.0	99.0	-1.0	99.0	-1.0	99.0	-1.0	99.0	-1.0	99.0	-1.0	99.0	0	0	0	0	0	0.0	0.0	0.0	0.0	-1.0	-1.0	-1.0	-1.0	0.0	0.0	-1.0	-1.0	0.0	0.0	34.3	3	0	0.0	0	0	0.0
202107040206	中京	6	4	8	エイシンビルト		-1	-1	35.4	6.0	-1.0	99.0	-1.0	99.0	-1.0	99.0	-1.0	99.0	-1.0	99.0	-1.0	99.0	-1.0	99.0	0	0	0	0	0	0.0	0.0	0.0	0.0	-1.0	-1.0	-1.0	-1.0	-1.0	-1.0	-1.0	-1.0	-1.0	-1.0	35.4	1	0	0.0	0	0	0.0
202107040206	中京	6	5	9	ラッセルリー		-1	-1	99.99	99.0	-1.0	99.0	-1.0	99.0	-1.0	99.0	-1.0	99.0	-1.0	99.0	-1.0	99.0	-1.0	99.0	0	0	0	0	0	0.0	0.0	-1.0	-1.0	0.0	0.0	-1.0	-1.0	-1.0	-1.0	-1.0	-1.0	-1.0	-1.0	99.99	1	0	0.0	0	0	0.0
202107040206	中京	6	5	10	カネトシディーバ		-1	-1	99.99	99.0	-1.0	99.0	-1.0	99.0	-1.0	99.0	-1.0	99.0	-1.0	99.0		14.0		14.0	0	0	0	0	0							-1.0	-1.0	-1.0	-1.0	-1.0	-1.0	-1.0	-1.0	99.99	-1	-1	-1.0	-1	-1	-1.0
202107040206	中京	6	6	11	サマースノー		-1	-1	35.6	8.0	0.3333333333333333	1.0	-1.0	99.0	-1.0	99.0	-1.0	99.0	-1.0	99.0	-1.0	99.0	-1.0	99.0	0	0	0	0	0	0.0	0.0	0.0	0.0	0.0	0.0	-1.0	-1.0	0.0	0.0	-1.0	-1.0	0.0	0.0	35.6	3	1	0.3333333333333333	1	1	0.3333333333333333
202107040206	中京	6	6	12	メイショウミカワ		1	1	34.879999999999995	3.0	0.2	4.5	-1.0	99.0	0.25	3.0	-1.0	99.0	-1.0	99.0	-1.0	99.0	-1.0	99.0	1	0	0	1	0	0.0	0.2	0.0	0.2	-1.0	-1.0	-1.0	0.25	0.0	0.0	-1.0	-1.0	0.0	0.25	34.3	5	0	0.0	1	1	0.2
202107040206	中京	6	7	13	シャンプルミー		-1	-1	99.99	99.0	-1.0	99.0	-1.0	99.0	-1.0	99.0	-1.0	99.0	-1.0	99.0		15.0		15.0	0	0	0	0	0							-1.0	-1.0	-1.0	-1.0	-1.0	-1.0	-1.0	-1.0	99.99	-1	-1	-1.0	-1	-1	-1.0
202107040206	中京	6	7	14	ニシノコウメイ		-1	-1	35.566666666666656	7.0	0.16666666666666666	6.0	-1.0	99.0	-1.0	99.0	-1.0	99.0	-1.0	99.0	-1.0	99.0	-1.0	99.0	0	0	0	0	0	0.0	0.0	0.0	0.0	0.0	0.0	-1.0	-1.0	-1.0	-1.0	-1.0	-1.0	0.0	0.0	35.3	6	1	0.16666666666666666	1	1	0.16666666666666666
202107040206	中京	6	8	15	ジェネレイトヒート		-1	-1	99.99	99.0	-1.0	99.0	-1.0	99.0	-1.0	99.0	-1.0	99.0	-1.0	99.0	-1.0	99.0	-1.0	99.0	0	0	0	0	0	0.0	0.0	-1.0	-1.0	0.0	0.0	-1.0	-1.0	-1.0	-1.0	-1.0	-1.0	-1.0	-1.0	99.99	2	0	0.0	0	0	0.0
202107040206	中京	6	8	16	ヤマニンサンパ		-1	-1	99.99	99.0	-1.0	99.0	-1.0	99.0	-1.0	99.0	-1.0	99.0	-1.0	99.0		16.0		16.0	0	0	0	0	0							-1.0	-1.0	-1.0	-1.0	-1.0	-1.0	-1.0	-1.0	99.99	-1	-1	-1.0	-1	-1	-1.0
202107040207	中京	7	1	1	オンザフェーヴル		1	-1	38.24545454545454	4.0	0.3333333333333333	4.5	0.25	3.0	0.5	3.0	-1.0	99.0	-1.0	99.0	-1.0	99.0	-1.0	99.0	1	0	0	0	0	0.3333333333333333	0.5	0.0	0.0	0.3636363636363637	0.5454545454545454	0.25	0.5	0.6666666666666666	0.6666666666666666	-1.0	-1.0	0.4	0.6	37.3	12	3	0.25	4	5	0.4166666666666667
202107040207	中京	7	2	2	メガゴールド		1	1	39.24444444444444	9.0	0.6	2.0	0.14285714285714285	4.0	0.14285714285714285	5.0	0.2	3.0	0.2	3.0	-1.0	99.0	-1.0	99.0	1	0	0	0	1	0.2	0.2	0.0	0.0	0.2222222222222222	0.2222222222222222	0.14285714285714285	0.14285714285714285	0.5	0.5	0.2	0.2	0.25	0.25	38.0	10	7	0.7	6	7	0.7
202107040207	中京	7	3	3	キングリスティア		-1	-1	37.066666666666656	1.0	0.1	8.0	-1.0	99.0	-1.0	99.0	-1.0	99.0	-1.0	99.0	-1.0	99.0	-1.0	99.0	0	0	0	0	0	0.2	0.2	0.25	0.25	0.16666666666666666	0.16666666666666666	-1.0	-1.0	1.0	1.0	-1.0	-1.0	0.25	0.25	36.0	10	1	0.1	1	1	0.1
202107040207	中京	7	4	4	タイセイドレッサー		-1	-1	38.28	5.0	0.2857142857142857	7.0	-1.0	99.0	-1.0	99.0	-1.0	99.0	-1.0	99.0	-1.0	99.0	-1.0	99.0	0	0	0	0	0	0.21428571428571427	0.21428571428571427	0.0	0.0	0.3	0.3	-1.0	-1.0	0.75	0.75	-1.0	-1.0	0.5	0.5	37.4	14	3	0.21428571428571427	4	4	0.2857142857142857
202107040207	中京	7	5	5	レプンカムイ		1	1	38.23333333333333	3.0	0.5	3.0	0.6666666666666666	1.0	0.6666666666666666	1.0	1.0	1.0	1.0	1.0	1.0	1.0	1.0	1.5	1	1	1	1	1	0.5	0.5	0.0	0.0	0.6666666666666666	0.6666666666666666	0.6666666666666666	0.6666666666666666	-1.0	-1.0	1.0	1.0	0.0	0.0	37.5	4	2	0.5	2	2	0.5
202107040207	中京	7	6	6	メイショウマントル		-1	-1	39.16	8.0	0.3	6.0	0.1111111111111111	5.0	0.2222222222222222	4.0	-1.0	99.0	-1.0	99.0	-1.0	99.0	-1.0	99.0	0	0	0	0	0	0.1	0.2	-1.0	-1.0	0.1	0.2	0.1111111111111111	0.2222222222222222	0.0	0.0	-1.0	-1.0	0.125	0.25	38.0	10	3	0.3	3	3	0.3
202107040207	中京	7	7	7	サステナブル		-1	-1	37.3	2.0	0.3333333333333333	4.5	-1.0	99.0	-1.0	99.0	-1.0	99.0	-1.0	99.0	-1.0	99.0	-1.0	99.0	0	0	0	0	0	0.3333333333333333	0.3333333333333333	-1.0	-1.0	0.3333333333333333	0.3333333333333333	-1.0	-1.0	1.0	1.0	-1.0	-1.0	0.5	0.5	36.6	3	1	0.3333333333333333	1	1	0.3333333333333333
202107040207	中京	7	7	8	シゲルヒカルダイヤ		1	1	38.66666666666667	7.0	0.8823529411764706	1.0	0.42857142857142855	2.0	0.5714285714285714	2.0	0.3333333333333333	2.0	0.6666666666666666	2.0	0.5	2.0	1.0	1.5	1	0	0	0	1	0.29411764705882354	0.4117647058823529	0.0	0.0	0.3333333333333333	0.4666666666666667	0.42857142857142855	0.5714285714285714	0.25	0.375	0.3333333333333333	0.6666666666666666	0.3333333333333333	0.4166666666666667	36.9	17	13	0.7647058823529411	15	15	0.8823529411764706
202107040207	中京	7	8	9	ジオルティ		-1	-1	99.99	99.0	-1.0	99.0	-1.0	99.0	-1.0	99.0	-1.0	99.0	-1.0	99.0	-1.0	99.0	-1.0	99.0	0	0	0	0	0	0.3333333333333333	0.3333333333333333	0.3333333333333333	0.3333333333333333	-1.0	-1.0	-1.0	-1.0	-1.0	-1.0	-1.0	-1.0	-1.0	-1.0	99.99	3	0	0.0	0	0	0.0
202107040207	中京	7	8	10	シゲルフタゴザ		-1	-1	38.5	6.0	0.06666666666666668	9.0	-1.0	99.0	-1.0	99.0	-1.0	99.0	-1.0	99.0	-1.0	99.0	-1.0	99.0	0	0	0	0	0	0.42857142857142855	0.42857142857142855	0.0	0.0	0.5454545454545454	0.5454545454545454	-1.0	-1.0	0.0	0.0	-1.0	-1.0	0.0	0.0	37.3	15	0	0.0	1	1	0.06666666666666668
202107040208	中京	8	1	1	アドマイヤベネラ		1	1	35.43333333333333	2.0	0.5555555555555556	2.0	0.5	1.0	0.5	1.5	0.4	3.0	0.4	3.0	0.6666666666666666	2.5	0.6666666666666666	2.5	1	1	1	1	1	0.2222222222222222	0.4444444444444444	0.2222222222222222	0.4444444444444444	-1.0	-1.0	0.5	0.5	0.0	0.4	0.4	0.4	0.0	0.5	33.9	9	3	0.3333333333333333	5	5	0.5555555555555556
202107040208	中京	8	2	2	ロックグラス		1	-1	35.99444444444444	4.0	0.3157894736842105	5.0	0.1	5.0	0.3	3.0	-1.0	99.0	-1.0	99.0	-1.0	99.0	-1.0	99.0	1	0	0	0	0	0.10526315789473684	0.21052631578947367	0.1111111111111111	0.2222222222222222	0.0	0.0	0.1	0.3	0.125	0.125	-1.0	-1.0	0.14285714285714285	0.2857142857142857	34.2	19	6	0.3157894736842105	6	7	0.3684210526315789
202107040208	中京	8	3	3	シゲルソウサイ		-1	-1	36.63333333333333	7.0	0.14285714285714285	7.0	-1.0	99.0	-1.0	99.0	-1.0	99.0	-1.0	99.0	-1.0	99.0	-1.0	99.0	0	0	0	0	0	0.14285714285714285	0.2857142857142857	0.0	0.3333333333333333	0.25	0.25	-1.0	-1.0	0.0	0.5	-1.0	-1.0	0.0	0.3333333333333333	36.2	7	1	0.14285714285714285	1	1	0.14285714285714285
202107040208	中京	8	4	4	ボンベール		1	1	36.869565217391305	8.0	0.625	1.0	0.4	2.0	0.5	1.5	0.3	5.0	0.3	5.0	0.6666666666666666	2.5	0.6666666666666666	2.5	1	0	0	0	1	0.20833333333333331	0.2916666666666667	0.21739130434782608	0.3043478260869565	0.0	0.0	0.4	0.5	0.07692307692307693	0.15384615384615385	0.3	0.3	0.15384615384615385	0.3076923076923077	33.8	24	17	0.7083333333333334	15	17	0.7083333333333334
202107040208	中京	8	5	5	ヤマニンデンファレ		1	1	35.55	3.0	0.375	4.0	0.25	3.5	0.25	4.5	0.3333333333333333	4.0	0.3333333333333333	4.0	-1.0	99.0	-1.0	99.0	1	0	0	1	0	0.125	0.125	0.16666666666666666	0.16666666666666666	0.0	0.0	0.25	0.25	0.0	0.0	0.3333333333333333	0.3333333333333333	0.0	0.0	33.9	8	3	0.375	3	3	0.375
202107040208	中京	8	6	6	テリオスルイ		1	1	36.40000000000001	6.0	0.4	3.0	0.25	3.5	0.25	4.5	1.0	1.0	1.0	1.0	1.0	1.0	1.0	1.0	1	0	0	0	1	0.2	0.2	0.25	0.25	0.0	0.0	0.25	0.25	-1.0	-1.0	1.0	1.0	0.0	0.0	35.4	5	2	0.4	2	3	0.6
202107040208	中京	8	7	7	モントカイザー		-1	-1	36.21111111111111	5.0	0.2608695652173913	6.0	-1.0	99.0	-1.0	99.0	-1.0	99.0	-1.0	99.0	-1.0	99.0	-1.0	99.0	0	0	0	0	0	0.3478260869565217	0.39130434782608703	0.1111111111111111	0.1111111111111111	0.5	0.5714285714285714	-1.0	-1.0	0.2	0.2	-1.0	-1.0	0.16666666666666666	0.16666666666666666	34.7	23	5	0.21739130434782608	6	6	0.2608695652173913
202107040208	中京	8	8	8	レベランス		1	1	34.46666666666667	1.0	-1.0	99.0	-1.0	99.0	-1.0	99.0	0.5	2.0	0.5	2.0	-1.0	99.0	-1.0	99.0	1	0	0	1	0	0.3333333333333333	0.3333333333333333	0.3333333333333333	0.3333333333333333	-1.0	-1.0	-1.0	-1.0	0.5	0.5	0.5	0.5	0.0	0.0	33.7	3	0	0.0	0	0	0.0
202107040209	中京	9	1	1	スキップ		1	-1	34.815625	2.0	0.3636363636363637	7.0	0.05882352941176471	7.0	0.17647058823529413	7.0	0.09090909090909093	4.0	0.2727272727272727	5.0	0.125	4.0	0.25	5.0	0	0	0	0	0	0.060606060606060615	0.21212121212121213	0.0625	0.21875	0.0	0.0	0.05882352941176471	0.17647058823529413	0.06666666666666668	0.26666666666666666	0.09090909090909093	0.2727272727272727	0.047619047619047616	0.19047619047619047	33.2	33	11	0.3333333333333333	12	13	0.3939393939393939
202107040209	中京	9	2	2	グラウクス		-1	-1	35.44	6.0	0.16666666666666666	10.0	-1.0	99.0	-1.0	99.0	-1.0	99.0	-1.0	99.0	-1.0	99.0	-1.0	99.0	0	0	0	0	0	0.16666666666666666	0.16666666666666666	0.2	0.2	0.15384615384615385	0.15384615384615385	-1.0	-1.0	0.3333333333333333	0.3333333333333333	-1.0	-1.0	0.3333333333333333	0.3333333333333333	34.1	18	3	0.16666666666666666	3	3	0.16666666666666666
202107040209	中京	9	3	3	ウインスピリタス		-1	-1	35.54375	7.0	0.7058823529411765	4.0	-1.0	99.0	-1.0	99.0	-1.0	99.0	-1.0	99.0	-1.0	99.0	-1.0	99.0	0	0	0	0	0	0.1176470588235294	0.1176470588235294	0.125	0.125	0.0	0.0	-1.0	-1.0	0.18181818181818185	0.18181818181818185	-1.0	-1.0	0.14285714285714285	0.14285714285714285	33.8	17	11	0.6470588235294118	12	12	0.7058823529411765
202107040209	中京	9	4	4	イルミネーター		-1	-1	38.8	11.0	0.07142857142857142	11.0	-1.0	99.0	-1.0	99.0	-1.0	99.0	-1.0	99.0	-1.0	99.0	-1.0	99.0	0	0	0	0	0	0.14285714285714285	0.2857142857142857	0.0	0.0	0.15384615384615385	0.3076923076923077	-1.0	-1.0	0.0	0.0	-1.0	-1.0	0.0	0.0	38.8	14	1	0.07142857142857142	1	1	0.07142857142857142
202107040209	中京	9	5	5	アビエルト		-1	-1	35.60588235294118	8.0	0.4736842105263158	6.0	0.2857142857142857	4.5	0.2857142857142857	6.0	-1.0	99.0	-1.0	99.0	-1.0	99.0	-1.0	99.0	0	0	0	0	0	0.21052631578947367	0.3684210526315789	0.2222222222222222	0.3888888888888889	0.0	0.0	0.2857142857142857	0.2857142857142857	0.1	0.4	-1.0	-1.0	0.21428571428571427	0.42857142857142855	33.7	19	8	0.42105263157894735	9	9	0.4736842105263158
202107040209	中京	9	6	6	ブラッディムーン		-1	-1	35.2	4.0	0.2727272727272727	9.0	-1.0	99.0	-1.0	99.0	-1.0	99.0	-1.0	99.0	-1.0	99.0	-1.0	99.0	0	0	0	0	0	0.4545454545454545	0.6363636363636364	0.5	0.5	0.42857142857142855	0.7142857142857143	-1.0	-1.0	0.5	0.5	-1.0	-1.0	0.5	0.5	34.9	11	2	0.18181818181818185	3	3	0.2727272727272727
202107040209	中京	9	6	7	マイネルジェロディ		1	-1	35.8625	10.0	1.0	1.5	0.2857142857142857	4.5	0.42857142857142855	5.0	-1.0	99.0	-1.0	99.0	-1.0	99.0	-1.0	99.0	0	0	0	0	0	0.375	0.5	0.375	0.5	-1.0	-1.0	0.2857142857142857	0.42857142857142855	1.0	1.0	-1.0	-1.0	0.375	0.5	34.1	8	8	1.0	8	8	1.0
202107040209	中京	9	7	8	グレイトゲイナー		1	-1	35.825	9.0	0.6875	5.0	0.6666666666666666	1.0	0.6666666666666666	1.0	0.6666666666666666	1.5	0.6666666666666666	3.0	1.0	1.5	1.0	2.0	1	0	0	0	0	0.3125	0.4375	0.3125	0.4375	-1.0	-1.0	0.6666666666666666	0.6666666666666666	0.2307692307692308	0.38461538461538464	0.6666666666666666	0.6666666666666666	0.2307692307692308	0.38461538461538464	33.9	16	11	0.6875	11	11	0.6875
202107040209	中京	9	7	9	ズアー		1	1	34.80714285714286	1.0	0.8666666666666667	3.0	0.5714285714285714	2.0	0.5714285714285714	2.0	0.4	3.0	0.4	4.0	0.6666666666666666	3.0	0.6666666666666666	4.0	1	1	1	1	1	0.26666666666666666	0.26666666666666666	0.2857142857142857	0.2857142857142857	0.0	0.0	0.5714285714285714	0.5714285714285714	0.0	0.0	0.4	0.4	0.0	0.0	33.8	15	11	0.7333333333333333	13	13	0.8666666666666667
202107040209	中京	9	8	10	ドナウエレン		1	1	35.15	3.0	1.0	1.5	0.5	3.0	0.5	3.5	0.6666666666666666	1.5	1.0	1.5	1.0	1.5	1.0	2.0	1	1	1	1	1	0.5	0.75	0.5	0.75	-1.0	-1.0	0.5	0.5	0.5	1.0	0.6666666666666666	1.0	0.0	0.0	34.3	4	4	1.0	4	4	1.0
202107040209	中京	9	8	11	グリンデルヴァルト		1	-1	35.24444444444444	5.0	0.3333333333333333	8.0	0.25	6.0	0.5	3.5	-1.0	99.0	1.0	1.5	-1.0	99.0	1.0	2.0	1	0	0	0	0	0.2222222222222222	0.3333333333333333	0.2222222222222222	0.3333333333333333	-1.0	-1.0	0.25	0.5	0.2	0.2	-1.0	1.0	0.25	0.25	33.6	9	3	0.3333333333333333	3	3	0.3333333333333333
202107040210	中京	10	1	1	プレイヤーズハイ		-1	-1	37.130434782608695	1.0	0.08333333333333333	12.0	0.07142857142857142	10.0	0.21428571428571427	8.0	-1.0	99.0	-1.0	99.0	-1.0	99.0	-1.0	99.0	0	0	0	0	0	0.125	0.20833333333333331	0.0	0.0	0.13043478260869565	0.21739130434782608	0.07142857142857142	0.21428571428571427	0.2222222222222222	0.2222222222222222	-1.0	-1.0	0.16666666666666666	0.2777777777777778	35.5	24	1	0.04166666666666666	2	2	0.08333333333333333
202107040210	中京	10	2	2	アースライザー		-1	-1	38.786666666666655	11.0	0.25	10.0	-1.0	99.0	-1.0	99.0	-1.0	99.0	-1.0	99.0	-1.0	99.0	-1.0	99.0	0	0	0	0	0	0.1875	0.1875	-1.0	-1.0	0.1875	0.1875	-1.0	-1.0	0.3	0.3	-1.0	-1.0	0.2727272727272727	0.2727272727272727	36.6	16	7	0.4375	4	7	0.4375
202107040210	中京	10	3	3	サンマルエンパイア		1	-1	37.95151515151515	4.0	0.5789473684210527	5.0	0.15789473684210525	7.0	0.21052631578947367	9.0	0.16666666666666666	3.5	0.16666666666666666	6.0	0.2	4.5	0.2	6.0	1	0	0	0	0	0.18421052631578946	0.2368421052631579	0.0	0.0	0.19444444444444445	0.25	0.15789473684210525	0.21052631578947367	0.14285714285714285	0.14285714285714285	0.16666666666666666	0.16666666666666666	0.14814814814814814	0.1851851851851852	36.9	38	21	0.5526315789473685	22	23	0.6052631578947368
202107040210	中京	10	4	4	ユアヒストリー		1	1	38.14	6.0	0.6666666666666666	2.5	0.6	2.0	0.6	2.0	-1.0	99.0	-1.0	99.0	-1.0	99.0	-1.0	99.0	1	0	0	0	1	0.5	0.5	0.0	0.0	0.6	0.6	0.6	0.6	-1.0	-1.0	-1.0	-1.0	0.75	0.75	36.7	6	4	0.6666666666666666	4	4	0.6666666666666666
202107040210	中京	10	5	5	ホッコーハナミチ		1	1	37.575	2.0	0.75	1.0	0.6666666666666666	1.0	0.6666666666666666	1.0	0.5	2.0	0.5	3.0	0.5	2.0	0.5	3.0	1	1	1	1	1	0.75	0.75	-1.0	-1.0	0.75	0.75	0.6666666666666666	0.6666666666666666	1.0	1.0	0.5	0.5	1.0	1.0	36.8	4	2	0.5	3	3	0.75
202107040210	中京	10	5	6	リリーミニスター		-1	-1	38.60625	9.0	0.5	7.5	0.2	6.0	0.2	10.0	-1.0	99.0	-1.0	99.0	-1.0	99.0	-1.0	99.0	0	0	0	0	0	0.1875	0.1875	-1.0	-1.0	0.1875	0.1875	0.2	0.2	0.16666666666666666	0.16666666666666666	-1.0	-1.0	0.3	0.3	36.7	16	9	0.5625	8	9	0.5625
202107040210	中京	10	6	7	タイセイアゲイン		1	1	37.65	3.0	0.5	7.5	0.5	3.0	0.5	3.5	0.6666666666666666	1.0	0.6666666666666666	2.0	0.5	2.0	0.5	3.0	1	0	0	1	0	0.3333333333333333	0.3333333333333333	-1.0	-1.0	0.3333333333333333	0.3333333333333333	0.5	0.5	-1.0	-1.0	0.6666666666666666	0.6666666666666666	0.0	0.0	36.6	6	2	0.3333333333333333	3	3	0.5
202107040210	中京	10	6	8	ジョウショーリード		1	-1	38.43571428571429	7.0	0.6	4.0	0.25	5.0	0.5	3.5	-1.0	99.0	1.0	1.0	-1.0	99.0	1.0	1.0	1	0	0	0	0	0.2	0.4	0.0	0.0	0.21428571428571427	0.42857142857142855	0.25	0.5	0.2	0.4	-1.0	1.0	0.2307692307692308	0.38461538461538464	36.6	15	8	0.5333333333333333	9	9	0.6
202107040210	中京	10	7	9	モダスオペランディ		1	-1	38.10625	5.0	0.6666666666666666	2.5	0.125	9.0	0.375	5.0	-1.0	99.0	-1.0	99.0	-1.0	99.0	-1.0	99.0	0	0	0	0	0	0.2222222222222222	0.3333333333333333	0.0	0.0	0.2352941176470588	0.35294117647058826	0.125	0.375	0.25	0.25	-1.0	-1.0	0.21428571428571427	0.35714285714285715	35.9	18	12	0.6666666666666666	12	12	0.6666666666666666
202107040210	中京	10	7	10	モーニングサン		-1	-1	39.02222222222222	12.0	0.5263157894736842	6.0	-1.0	99.0	-1.0	99.0	-1.0	99.0	-1.0	99.0	-1.0	99.0	-1.0	99.0	0	0	0	0	0	0.21052631578947367	0.21052631578947367	0.0	0.0	0.2222222222222222	0.2222222222222222	-1.0	-1.0	0.4	0.4	-1.0	-1.0	0.2857142857142857	0.2857142857142857	37.1	19	14	0.7368421052631579	10	14	0.7368421052631579
202107040210	中京	10	8	11	リーガルマインド		-1	-1	38.554545454545455	8.0	0.19047619047619047	11.0	0.14285714285714285	8.0	0.2857142857142857	7.0	0.16666666666666666	3.5	0.3333333333333333	4.0	0.2	4.5	0.4	5.0	1	0	0	0	0	0.42857142857142855	0.4761904761904762	0.0	0.0	0.4736842105263158	0.5263157894736842	0.14285714285714285	0.2857142857142857	0.0	0.0	0.16666666666666666	0.3333333333333333	0.0	0.0	36.7	21	4	0.19047619047619047	4	5	0.2380952380952381
202107040210	中京	10	8	12	マイネルイヴィンス		-1	-1	38.71153846153846	10.0	0.3793103448275862	9.0	0.3157894736842105	4.0	0.3684210526315789	6.0	0.125	5.0	0.25	5.0	0.5	2.0	0.5	3.0	1	0	0	0	0	0.3103448275862069	0.4137931034482759	-1.0	-1.0	0.3103448275862069	0.4137931034482759	0.3157894736842105	0.3684210526315789	0.0	0.2857142857142857	0.125	0.25	0.4	0.5	36.5	29	10	0.3448275862068966	11	13	0.4482758620689655
202107040211	中京	11	1	1	シャフトオブライト		1	-1	35.872727272727275	11.0	0.7727272727272727	2.0	0.2307692307692308	9.0	0.38461538461538464	6.0	0.14285714285714285	9.0	0.42857142857142855	5.0	0.14285714285714285	8.0	0.42857142857142855	7.0	0	0	0	0	0	0.2272727272727273	0.3636363636363637	0.2272727272727273	0.3636363636363637	-1.0	-1.0	0.2307692307692308	0.38461538461538464	0.2222222222222222	0.3333333333333333	0.14285714285714285	0.42857142857142855	0.26666666666666666	0.3333333333333333	34.5	22	19	0.8636363636363636	17	19	0.8636363636363636
202107040211	中京	11	2	2	ニホンピロスクーロ		-1	-1	35.416666666666664	9.0	0.3333333333333333	11.0	0.3333333333333333	5.0	0.3333333333333333	8.5	-1.0	99.0	-1.0	99.0	-1.0	99.0	-1.0	99.0	0	0	0	0	0	0.4166666666666667	0.4166666666666667	0.5	0.5	0.3333333333333333	0.3333333333333333	0.3333333333333333	0.3333333333333333	0.6666666666666666	0.6666666666666666	-1.0	-1.0	0.5	0.5	34.2	12	5	0.4166666666666667	4	5	0.4166666666666667
202107040211	中京	11	3	3	ナイトバナレット		-1	-1	34.520512820512806	1.0	0.15	14.0	0.08695652173913042	12.0	0.21739130434782608	12.0	0.125	10.0	0.25	10.0	-1.0	99.0	-1.0	99.0	0	0	0	0	0	0.125	0.25	0.1282051282051282	0.2564102564102564	0.0	0.0	0.08695652173913042	0.21739130434782608	0.1875	0.3125	0.125	0.25	0.13043478260869565	0.2608695652173913	32.6	40	3	0.075	6	6	0.15
202107040211	中京	11	3	4	シルヴェリオ		1	-1	35.80999999999999	10.0	0.9	1.0	-1.0	99.0	-1.0	99.0	-1.0	99.0	0.5	4.0	-1.0	99.0	-1.0	99.0	0	0	0	0	0	0.3	0.4	0.3	0.4	-1.0	-1.0	-1.0	-1.0	0.5	0.6666666666666666	-1.0	0.5	0.375	0.375	33.8	10	8	0.8	9	9	0.9
202107040211	中京	11	4	5	トーセングラン		1	1	34.81538461538462	2.0	0.6923076923076923	5.0	0.5555555555555556	2.0	0.8888888888888888	1.0	0.5555555555555556	3.0	0.8888888888888888	2.0	-1.0	99.0	-1.0	99.0	1	0	0	1	0	0.5384615384615384	0.7692307692307693	0.5384615384615384	0.7692307692307693	-1.0	-1.0	0.5555555555555556	0.8888888888888888	0.5	0.5	0.5555555555555556	0.8888888888888888	0.5	0.5	33.1	13	8	0.6153846153846154	9	9	0.6923076923076923
202107040211	中京	11	4	6	モアナアネラ		1	-1	34.875	4.0	0.35294117647058826	10.0	0.1111111111111111	11.0	0.2222222222222222	11.0	0.16666666666666666	8.0	0.16666666666666666	12.0	0.5	4.5	0.5	4.5	0	0	0	0	0	0.2352941176470588	0.29411764705882354	0.25	0.3125	0.0	0.0	0.1111111111111111	0.2222222222222222	0.42857142857142855	0.42857142857142855	0.16666666666666666	0.16666666666666666	0.3	0.4	33.5	17	4	0.2352941176470588	6	6	0.35294117647058826
202107040211	中京	11	5	7	シフルマン		1	1	35.18499999999999	8.0	0.75	3.0	0.25	7.5	0.4166666666666667	5.0	1.0	1.0	1.0	1.0	1.0	1.5	1.0	1.5	1	0	0	0	1	0.2	0.3	0.2	0.3	-1.0	-1.0	0.25	0.4166666666666667	0.125	0.125	1.0	1.0	0.05882352941176471	0.17647058823529413	32.4	20	14	0.7	15	15	0.75
202107040211	中京	11	5	8	フライライクバード		1	-1	35.04	5.0	0.7	4.0	0.5714285714285714	1.0	0.5714285714285714	3.0	0.6666666666666666	2.0	0.6666666666666666	3.0	1.0	1.5	1.0	1.5	1	0	0	0	0	0.6	0.6	0.6	0.6	-1.0	-1.0	0.5714285714285714	0.5714285714285714	0.6666666666666666	0.6666666666666666	0.6666666666666666	0.6666666666666666	0.5714285714285714	0.5714285714285714	33.7	10	6	0.6	7	7	0.7
202107040211	中京	11	6	9	レザネフォール		-1	-1	35.080000000000005	6.0	0.4	9.0	0.4	3.0	0.6	2.0	0.25	6.5	0.25	10.0	0.5	4.5	0.5	4.5	1	0	0	0	0	0.5	0.6	0.5	0.6	-1.0	-1.0	0.4	0.6	0.6	0.6	0.25	0.25	0.6666666666666666	0.8333333333333334	33.8	10	5	0.5	4	5	0.5
202107040211	中京	11	6	10	シャイニーゲール		-1	-1	35.91111111111112	12.0	0.6451612903225806	6.0	0.1875	10.0	0.375	7.0	-1.0	99.0	0.2857142857142857	8.0	-1.0	99.0	0.4	8.0	0	0	0	0	0	0.1935483870967742	0.41935483870967744	0.2222222222222222	0.4444444444444444	0.0	0.25	0.1875	0.375	0.2727272727272727	0.5454545454545454	-1.0	0.2857142857142857	0.3	0.5	34.5	31	20	0.6451612903225806	20	20	0.6451612903225806
202107040211	中京	11	7	11	プリマヴィスタ		-1	-1	36.24166666666667	13.0	0.4615384615384616	8.0	0.25	7.5	0.25	10.0	0.25	6.5	0.25	10.0	0.5	4.5	0.5	4.5	0	0	0	0	0	0.2307692307692308	0.3076923076923077	0.25	0.3333333333333333	0.0	0.0	0.25	0.25	0.25	0.5	0.25	0.25	0.25	0.375	34.6	13	6	0.4615384615384616	6	7	0.5384615384615384
202107040211	中京	11	7	12	ターキッシュパレス		-1	-1	36.58888888888888	14.0	0.3	12.0	0.3333333333333333	5.0	0.3333333333333333	8.5	0.4	4.5	0.4	6.5	-1.0	99.0	-1.0	99.0	0	0	0	0	0	0.3	0.3	0.3333333333333333	0.3333333333333333	0.0	0.0	0.3333333333333333	0.3333333333333333	0.3333333333333333	0.3333333333333333	0.4	0.4	0.25	0.25	36.0	10	4	0.4	3	4	0.4
202107040211	中京	11	8	13	エヒト		1	-1	34.846153846153854	3.0	0.15384615384615385	13.0	0.3333333333333333	5.0	0.4444444444444444	4.0	0.4	4.5	0.4	6.5	0.3333333333333333	7.0	0.3333333333333333	9.0	0	0	0	0	0	0.38461538461538464	0.4615384615384616	0.38461538461538464	0.4615384615384616	-1.0	-1.0	0.3333333333333333	0.4444444444444444	0.5	0.5	0.4	0.4	0.375	0.5	33.8	13	1	0.07692307692307693	2	3	0.2307692307692308
202107040211	中京	11	8	14	アドマイヤジョラス		-1	-1	35.11	7.0	0.5238095238095238	7.0	-1.0	99.0	-1.0	99.0	-1.0	99.0	-1.0	99.0	0.5	4.5	0.5	4.5	0	0	0	0	0	0.25	0.45	0.25	0.45	-1.0	-1.0	-1.0	-1.0	0.0	0.0	-1.0	-1.0	0.0	0.0	33.7	21	12	0.5714285714285714	11	12	0.5714285714285714
202107040212	中京	12	1	1	スリーヘリオス		-1	-1	37.88400000000001	6.0	0.1875	10.0	0.10526315789473684	10.0	0.21052631578947367	9.0	-1.0	99.0	0.16666666666666666	5.0	-1.0	99.0	0.2	4.5	0	0	0	0	0	0.09375	0.1875	0.0	0.0	0.1153846153846154	0.2307692307692308	0.10526315789473684	0.21052631578947367	0.16666666666666666	0.16666666666666666	-1.0	0.16666666666666666	0.15789473684210525	0.21052631578947367	35.7	32	6	0.1875	6	6	0.1875
202107040212	中京	12	2	2	スターズプレミア		-1	-1	38.1	9.0	0.2	9.0	0.3333333333333333	2.5	0.3333333333333333	6.5	-1.0	99.0	-1.0	99.0	-1.0	99.0	-1.0	99.0	1	0	0	0	0	0.2	0.4	0.14285714285714285	0.42857142857142855	0.3333333333333333	0.3333333333333333	0.3333333333333333	0.3333333333333333	-1.0	-1.0	-1.0	-1.0	1.0	1.0	37.6	10	2	0.2	2	2	0.2
202107040212	中京	12	2	3	コンセプト		1	-1	38.36666666666667	11.0	0.3333333333333333	5.0	0.16666666666666666	8.5	0.5	3.0	-1.0	99.0	0.25	3.0	-1.0	99.0	0.3333333333333333	1.5	1	0	0	0	0	0.1111111111111111	0.3333333333333333	0.0	0.0	0.16666666666666666	0.5	0.16666666666666666	0.5	-1.0	-1.0	-1.0	0.25	0.5	1.0	37.2	9	3	0.3333333333333333	3	3	0.3333333333333333
202107040212	中京	12	3	4	ダンツウィザード		-1	-1	37.4	2.0	0.3333333333333333	5.0	-1.0	99.0	-1.0	99.0	-1.0	99.0	-1.0	99.0	-1.0	99.0	-1.0	99.0	0	0	0	0	0	0.3333333333333333	0.3333333333333333	0.5	0.5	0.0	0.0	-1.0	-1.0	-1.0	-1.0	-1.0	-1.0	0.0	0.0	37.4	3	0	0.0	1	1	0.3333333333333333
202107040212	中京	12	3	5	エンカンタドーラ		-1	-1	39.2	15.0	0.3333333333333333	5.0	-1.0	99.0	-1.0	99.0	-1.0	99.0	-1.0	99.0	-1.0	99.0	-1.0	99.0	0	0	0	0	0	0.16666666666666666	0.16666666666666666	0.0	0.0	0.3333333333333333	0.3333333333333333	-1.0	-1.0	1.0	1.0	-1.0	-1.0	0.5	0.5	38.1	6	1	0.16666666666666666	2	2	0.3333333333333333
202107040212	中京	12	4	6	テイエムラッシュ		-1	-1	37.0	1.0	0.18181818181818185	11.0	-1.0	99.0	-1.0	99.0	-1.0	99.0	-1.0	99.0	-1.0	99.0	-1.0	99.0	0	0	0	0	0	0.18181818181818185	0.2727272727272727	-1.0	-1.0	0.18181818181818185	0.2727272727272727	-1.0	-1.0	0.0	0.0	-1.0	-1.0	0.0	0.0	35.5	11	2	0.18181818181818185	2	2	0.18181818181818185
202107040212	中京	12	4	7	アルメイダミノル		1	1	37.65000000000001	4.0	0.5	2.0	0.25	4.5	0.5	3.0	-1.0	99.0	-1.0	99.0	-1.0	99.0	-1.0	99.0	1	0	0	0	1	0.16666666666666666	0.3333333333333333	0.0	0.0	0.25	0.5	0.25	0.5	-1.0	-1.0	-1.0	-1.0	0.3333333333333333	0.6666666666666666	37.0	6	3	0.5	3	3	0.5
202107040212	中京	12	5	8	ウーゴ		1	-1	37.68571428571429	5.0	0.2857142857142857	7.0	0.16666666666666666	8.5	0.3333333333333333	6.5	0.16666666666666666	2.0	0.3333333333333333	1.5	-1.0	99.0	0.25	3.0	1	0	0	0	0	0.14285714285714285	0.2857142857142857	-1.0	-1.0	0.14285714285714285	0.2857142857142857	0.16666666666666666	0.3333333333333333	0.0	0.0	0.16666666666666666	0.3333333333333333	0.0	0.0	35.3	7	4	0.5714285714285714	2	4	0.5714285714285714
202107040212	中京	12	5	9	ミッキーマラン		1	-1	37.516666666666666	3.0	0.029411764705882356	15.0	-1.0	99.0	0.15384615384615385	11.0	-1.0	99.0	0.2	4.0	-1.0	99.0	0.2	4.5	0	0	0	0	0	0.17647058823529413	0.2647058823529412	0.0	0.0	0.1935483870967742	0.2903225806451613	-1.0	0.15384615384615385	0.09090909090909093	0.18181818181818185	-1.0	0.2	0.05263157894736842	0.15789473684210525	36.3	34	2	0.05882352941176471	1	2	0.05882352941176471
202107040212	中京	12	6	10	オーマイオーマイ		-1	-1	38.22222222222222	10.0	0.1	13.0	0.25	4.5	0.25	8.0	0.3333333333333333	1.0	0.3333333333333333	1.5	0.3333333333333333	1.0	0.3333333333333333	1.5	1	0	0	0	0	0.2	0.2	-1.0	-1.0	0.2	0.2	0.25	0.25	0.0	0.0	0.3333333333333333	0.3333333333333333	0.0	0.0	36.4	10	1	0.1	1	1	0.1
202107040212	中京	12	6	11	スプリットロック		-1	-1	38.45555555555556	12.0	0.25	8.0	0.2	6.5	0.2	10.0	-1.0	99.0	-1.0	99.0	-1.0	99.0	-1.0	99.0	0	0	0	0	0	0.25	0.25	0.3333333333333333	0.3333333333333333	0.2222222222222222	0.2222222222222222	0.2	0.2	0.25	0.25	-1.0	-1.0	0.2857142857142857	0.2857142857142857	37.3	12	2	0.16666666666666666	3	4	0.3333333333333333
202107040212	中京	12	7	12	スカリーワグ		1	1	38.55	13.0	0.8	1.0	0.5	1.0	0.5	3.0	-1.0	99.0	-1.0	99.0	-1.0	99.0	-1.0	99.0	1	0	0	0	1	0.4	0.4	0.0	0.0	0.5	0.5	0.5	0.5	-1.0	-1.0	-1.0	-1.0	0.5	0.5	36.9	5	4	0.8	4	4	0.8
202107040212	中京	12	7	13	テイエムクイーン		-1	-1	37.96	8.0	0.06666666666666668	14.0	-1.0	99.0	-1.0	99.0	-1.0	99.0	-1.0	99.0	-1.0	99.0	-1.0	99.0	0	0	0	0	0	0.07142857142857142	0.14285714285714285	0.0	0.0	0.1	0.2	-1.0	-1.0	0.0	0.0	-1.0	-1.0	0.0	0.0	36.0	15	2	0.13333333333333333	1	2	0.13333333333333333
202107040212	中京	12	8	14	テイエムファルコン		-1	-1	37.925	7.0	0.16666666666666666	12.0	0.3333333333333333	2.5	0.6666666666666666	1.0	-1.0	99.0	-1.0	99.0	-1.0	99.0	-1.0	99.0	1	0	0	0	0	0.16666666666666666	0.3333333333333333	0.0	0.0	0.2	0.4	0.3333333333333333	0.6666666666666666	0.0	0.0	-1.0	-1.0	0.3333333333333333	0.6666666666666666	36.7	6	0	0.0	1	1	0.16666666666666666
202107040212	中京	12	8	15	グレアミラージュ		1	-1	38.7875	14.0	0.4444444444444444	3.0	0.2	6.5	0.4	5.0	-1.0	99.0	-1.0	99.0	-1.0	99.0	-1.0	99.0	0	0	0	0	0	0.1111111111111111	0.2222222222222222	0.0	0.0	0.125	0.25	0.2	0.4	0.0	0.0	-1.0	-1.0	0.14285714285714285	0.2857142857142857	37.5	9	2	0.2222222222222222	4	4	0.4444444444444444
